0.1 63110.5293375 -1055209.57766
0.12 46135.5784551 -679360.192236
0.14 34893.0518328 -463188.44982
0.16 27067.7464561 -329295.142934
0.18 21416.3934085 -241666.995949
0.2 17217.4439989 -181839.670767
0.22 14026.3785985 -139609.660269
0.24 11556.1351673 -108991.268564
0.26 9614.17637883 -86298.0559382
0.28 8067.30609683 -69166.5758483
0.3 6820.98887992 -56029.9216135
0.32 5806.67066861 -45819.5343611
0.34 4973.72155857 -37789.0297168
0.36 4284.15648333 -31406.2485718
0.38 3709.08371776 -26284.9804807
0.4 3226.2606534 -22140.5668279
0.42 2818.37794418 -18760.3225603
0.44 2471.83388317 -15983.4052582
0.46 2175.84545529 -13686.8533881
0.48 1921.79477142 -11775.7399886
0.5 1702.74269501 -10176.1245333
0.52 1513.06291845 -8829.94004678
0.54 1348.16392418 -7691.23930428
0.56 1204.27580857 -6723.40874132
0.58 1078.28547795 -5897.08005444
0.6 967.60826251 -5188.55055193
0.62 870.087187332 -4578.57833725
0.64 783.913416658 -4051.456288
0.66 707.56302822 -3594.29521506
0.68 639.746469716 -3196.46523846
0.7 579.367928289 -2849.15773074
0.72 525.49249569 -2545.03977896
0.74 477.319499272 -2277.98010501
0.76 434.160736236 -2042.83051619
0.78 395.422627253 -1835.25075692
0.8 360.591518447 -1651.56746692
0.82 329.221524348 -1488.66008001
0.84 300.92443088 -1343.86810822
0.86 275.36127575 -1214.91548085
0.88 252.23530044 -1099.84854654
0.9 231.286028281 -996.985067936
0.92 212.284270707 -904.872097561
0.94 195.027901453 -822.251057714
0.96 179.338268515 -748.028686692
0.98 165.057137633 -681.252780083
1 152.044080325 -621.091865822
1.02 140.174234996 -566.818117929
1.04 129.336382174 -517.792945931
1.06 119.431285084 -473.454802319
1.08 110.370255071 -433.308834772
1.1 102.073908121 -396.918077616
1.12 94.4710842955 -363.895931701
1.14 87.4979064314 -333.899726019
1.16 81.0969582471 -306.625190326
1.18 75.2165650836 -281.801697217
1.2 69.8101631078 -259.188155984
1.22 64.8357449541 -238.569460121
1.24 60.2553715739 -219.753406419
1.26 56.0347415714 -202.568016828
1.28 52.1428105642 -186.859205204
1.3 48.5514541744 -172.488740121
1.32 45.2351691514 -159.332462479
1.34 42.170807892 -147.278722911
1.36 39.3373422651 -136.227009235
1.38 36.7156532022 -126.086738608
1.4 34.2883429805 -116.776192726
1.42 32.0395675289 -108.221577515
1.44 29.9548864294 -100.356191412
1.46 28.0211285829 -93.1196885179
1.48 26.2262717636 -86.4574248337
1.5 24.5593345032 -80.3198773583
1.52 23.0102789398 -74.6621272185
1.54 21.5699234289 -69.4433991587
1.56 20.2298638563 -64.62665072
1.58 18.9824027208 -60.1782052994
1.6 17.820485159 -56.0674240169
1.62 16.7376411825 -52.2664119543
1.64 15.7279334791 -48.7497548812
1.66 14.7859102033 -45.4942830587
1.68 13.9065622462 -42.4788591229
1.7 13.0852845276 -39.6841874107
1.72 12.3178409082 -37.0926424014
1.74 11.6003323582 -34.6881142199
1.76 10.9291680614 -32.455869385
1.78 10.3010391643 -30.3824251941
1.8 9.71289491457 -28.4554363184
1.82 9.16192095475 -26.6635923424
1.84 8.64551956639 -24.9965251213
1.86 8.16129167657 -23.4447249564
1.88 7.70702046057 -21.9994646935
1.9 7.28065638997 -20.6527309505
1.92 6.8803035909 -19.3971617626
1.94 6.50420739056 -18.2259900088
1.96 6.15074294219 -17.132992053
1.98 5.81840482937 -16.1124410896
2 5.50579756018 -15.1590647373
2.02 5.21162687049 -14.2680064724
2.04 4.93469176322 -13.434790533
2.06 4.67387721767 -12.6552899654
2.08 4.42814750892 -11.925697514
2.1 4.19654008332 -11.242499088
2.12 3.97815994086 -10.6024495645
2.14 3.77217447995 -10.0025507104
2.16 3.57780876423 -9.44003102705
2.18 3.39434117473 -8.91232734186
2.2 3.22109941413 -8.41706798641
2.22 3.05745683268 -7.95205741713
2.24 2.90282904856 -7.51526214805
2.26 2.75667083728 -7.10479787764
2.28 2.6184732676 -6.71891770274
2.3 2.48776106311 -6.35600132291
2.32 2.36409017055 -6.01454514726
2.34 2.24704551759 -5.69315322431
2.36 2.13623894446 -5.39052892263
2.38 2.03130729498 -5.10546729662
2.4 1.93191065392 -4.83684807801
2.42 1.83773071873 -4.58362923877
2.44 1.74846929471 -4.34484107646
2.46 1.66384690366 -4.11958077705
2.48 1.58360149677 -3.90700741455
2.5 1.50748726354 -3.70633735043
2.52 1.43527352892 -3.51683999891
2.54 1.36674373183 -3.3378339275
2.56 1.30169447848 -3.16868326451
2.58 1.23993466471 -3.00879438815
2.6 1.18128466195 -2.85761287371
2.62 1.12557556181 -2.71462067757
2.64 1.07264847477 -2.57933353847
2.66 1.02235387888 -2.45129857844
2.68 0.974551014532 -2.33009208685
2.7 0.929107321827 -2.21531747306
2.72 0.885897917394 -2.10660337367
2.74 0.844805107548 -2.00360190231
2.76 0.80571793516 -1.9059870303
2.78 0.768531757685 -1.81345308787
2.8 0.733147854034 -1.72571337638
2.82 0.699473058174 -1.64249888277
2.84 0.667419417481 -1.56355708813
2.86 0.63690387404 -1.48865086322
2.88 0.607847967227 -1.41755744391
2.9 0.580177556027 -1.35006748064
2.92 0.553822559679 -1.2859841559
2.94 0.528716715332 -1.22512236477
2.96 0.504797351498 -1.16730795351
2.98 0.48200517619 -1.11237701191
3 0.460284078715 -1.06017521528
3.02 0.439580944154 -1.01055721232
3.04 0.419845479663 -0.963386055507
3.06 0.401030051759 -0.918532670768
3.08 0.383089533853 -0.875875363524
3.1 0.365981163312 -0.835299358473
3.12 0.349664407419 -0.796696370574
3.14 0.33410083761 -0.759964204989
3.16 0.319254011448 -0.725006383859
3.18 0.305089361807 -0.691731797984
3.2 0.291574092785 -0.660054381602
3.22 0.27867708191 -0.629892808626
3.24 0.266368788217 -0.601170208802
3.26 0.254621165811 -0.573813902371
3.28 0.243407582572 -0.547755151944
3.3 0.23270274365 -0.522928930376
3.32 0.222482619457 -0.499273703513
3.34 0.212724377864 -0.476731226794
3.36 0.203406320336 -0.455246354747
3.38 0.194507821753 -0.434766862489
3.4 0.186009273692 -0.41524327841
3.42 0.177892030941 -0.39662872729
3.44 0.170138361067 -0.378878783132
3.46 0.16273139682 -0.361951331068
3.48 0.155655091224 -0.345806437722
3.5 0.148894175176 -0.330406229475
3.52 0.142434117407 -0.315714778109
3.54 0.13626108666 -0.301697993334
3.56 0.130361915951 -0.288323521766
3.58 0.12472406879 -0.27556065192
3.6 0.119335607248 -0.263380224834
3.62 0.114185161757 -0.251754549968
3.64 0.109261902535 -0.240657326027
3.66 0.104555512563 -0.230063566411
3.68 0.100056161993 -0.219949528983
3.7 0.0957544839295 -0.210292649892
3.72 0.0916415514959 -0.2010714812
3.74 0.087708856107 -0.192265632064
3.76 0.0839482868886 -0.183855713266
3.78 0.0803521111735 -0.175823284878
3.8 0.0769129560139 -0.168150806868
3.82 0.0736237906545 -0.16082159247
3.84 0.0704779099117 -0.153819764158
3.86 0.0674689184086 -0.147130212051
3.88 0.0645907156187 -0.14073855462
3.9 0.0618374816739 -0.13463110154
3.92 0.0592036638946 -0.128794818588
3.94 0.0566839640031 -0.123217294434
3.96 0.0542733259823 -0.11788670924
3.98 0.0519669245461 -0.112791804941
4 0.0497601541874 -0.107921857135
4.02 0.0476486187736 -0.103266648452
4.04 0.0456281216604 -0.098816443362
4.06 0.0436946562957 -0.0945619642996
4.08 0.0418443972883 -0.0904943690541
4.1 0.0400736919174 -0.0866052293455
4.12 0.0383790520584 -0.0828865105188
4.14 0.036757146505 -0.079330552297
4.16 0.0352047936654 -0.0759300505305
4.18 0.0337189546146 -0.0726780398893
4.2 0.0322967264834 -0.0695678774461
4.22 0.0309353361677 -0.0665932270996
4.24 0.0296321343409 -0.0637480447932
4.26 0.0283845897547 -0.061026564486
4.28 0.0271902838131 -0.0584232848335
4.3 0.0260469054057 -0.0559329565417
4.32 0.0249522459882 -0.053550570357
4.34 0.0239041948965 -0.0512713456581
4.36 0.0229007348835 -0.0490907196179
4.38 0.0219399378669 -0.047004336905
4.4 0.0210199608778 -0.0450080398965
4.42 0.020139042201 -0.0430978593748
4.44 0.0192954976953 -0.0412700056829
4.46 0.0184877172878 -0.0395208603148
4.48 0.0177141616308 -0.0378469679178
4.5 0.0169733589162 -0.0362450286855
4.52 0.016263901837 -0.0347118911214
4.54 0.0155844446907 -0.0332445451537
4.56 0.0149337006168 -0.0318401155842
4.58 0.0143104389623 -0.0304958558524
4.6 0.0137134827688 -0.0292091421014
4.62 0.0131417063752 -0.0279774675271
4.64 0.0125940331311 -0.0267984369998
4.66 0.0120694332147 -0.0256697619413
4.68 0.0115669215513 -0.024589255447
4.7 0.0110855558262 -0.0235548276395
4.72 0.0106244345892 -0.0225644812426
4.74 0.0101826954451 -0.0216163073644
4.76 0.00975951332593 -0.0207084814803
4.78 0.0093540988429 -0.0198392596035
4.8 0.00896569671203 -0.019006974637
4.82 0.00859358425149 -0.0182100328956
4.84 0.00823706994683 -0.0174469107908
4.86 0.00789549208083 -0.0167161516705
4.88 0.0075682174252 -0.0160163628055
4.9 0.00725463999106 -0.0153462125165
4.92 0.00695417983554 -0.0147044274339
4.94 0.00666628192197 -0.0140897898849
4.96 0.00639041503101 -0.0135011354003
4.98 0.00612607072059 -0.0129373503378
5 0.00587276233222 -0.0123973696129
