0.1 91765.7370094 -1554979.63205
0.12 66788.5171245 -997892.646435
0.14 50299.7252713 -678155.565232
0.16 38860.5185327 -480524.54009
0.18 30626.9410032 -351463.296016
0.2 24530.1816323 -263555.349971
0.22 19912.6094661 -201662.681922
0.24 16350.1286013 -156910.5931
0.26 13558.7498232 -123836.887194
0.28 11342.3793483 -98942.3828782
0.3 9562.13632807 -79909.5672854
0.32 8117.54491333 -65160.0535593
0.34 6934.58620778 -53593.0930779
0.36 5957.87367415 -44425.3258423
0.38 5145.39357248 -37089.4188014
0.4 4464.88915319 -31168.1644245
0.42 3891.32585097 -26350.5926469
0.44 3405.08366888 -22402.1208376
0.46 2990.64856977 -19143.8713199
0.48 2635.65235865 -16438.1034241
0.5 2330.15976229 -14177.8010771
0.52 2066.13331188 -12279.1323211
0.54 1837.02772286 -10675.9237243
0.56 1637.47966073 -9315.5676791
0.58 1463.06849144 -8155.96126444
0.6 1310.13035502 -7163.19606969
0.62 1175.61264198 -6309.80029761
0.64 1056.9593278 -5573.39083896
0.66 952.020050606 -4935.63230919
0.68 858.977584338 -4381.42775767
0.7 776.289657006 -3898.28552607
0.72 702.642023952 -3475.82096812
0.74 636.91042295 -3105.36209196
0.76 578.129577019 -2779.63577397
0.78 525.467818945 -2492.51680077
0.8 478.206222627 -2238.8261722
0.82 435.721364894 -2014.16822906
0.84 397.471025432 -1814.79853285
0.86 362.982275169 -1637.51621955
0.88 331.841514697 -1479.57592034
0.9 303.686111466 -1338.61539522
0.92 278.197353102 -1212.59583841
0.94 255.094488417 -1099.75244535
0.96 234.129670813 -998.553322651
0.98 215.083653101 -907.665207758
1 197.762110307 -825.924767774
1.02 181.992489138 -752.314486237
1.04 167.621300645 -685.942336315
1.06 154.511787096 -626.02458994
1.08 142.541905803 -571.87123304
1.1 131.602582263 -522.873553838
1.12 121.596192818 -478.493549061
1.14 112.435243496 -438.254855825
1.16 104.041217005 -401.734967905
1.18 96.3435642438 -368.55853659
1.2 89.2788203752 -338.391590067
1.22 82.7898284832 -310.936533005
1.24 76.8250564269 -285.927810639
1.26 71.3379945857 -263.128140411
1.28 66.2866239881 -242.325229613
1.3 61.6329458097 -223.328910275
1.32 57.3425644935 -205.968633169
1.34 53.3843178162 -190.091271626
1.36 49.7299481349 -175.559193258
1.38 46.3538098222 -162.248563876
1.4 43.2326085598 -150.047853067
1.42 40.3451687244 -138.856515298
1.44 37.6722255869 -128.583824107
1.46 35.1962394593 -119.147840032
1.48 32.9012292874 -110.474495654
1.5 30.7726234925 -102.496783315
1.52 28.797126138 -95.154033058
1.54 26.9625967259 -88.3912699403
1.56 25.2579421337 -82.1586413113
1.58 23.6730193745 -76.4109058389
1.6 22.19854802 -71.1069771219
1.62 20.8260312586 -66.2095156183
1.64 19.5476846779 -61.6845634019
1.66 18.3563719637 -57.5012169264
1.68 17.245546801 -53.6313335648
1.7 16.2092003363 -50.0492681962
1.72 15.2418136362 -46.731636555
1.74 14.338314636 -43.6571024422
1.76 13.4940391263 -40.8061862344
1.78 12.7046953766 -38.1610924238
1.8 11.9663320338 -35.7055541756
1.82 11.275308975 -33.4246931213
1.84 10.6282708254 -31.304892801
1.86 10.0221228823 -29.3336843472
1.88 9.45400921418 -27.4996431546
1.9 8.92129272539 -25.7922954177
1.92 8.42153700036 -24.2020335394
1.94 7.95248975796 -22.7200395202
1.96 7.51206776524 -21.3382155319
1.98 7.09834307376 -20.0491209636
2 6.70953045568 -18.8459153033
2.02 6.34397592861 -17.7223062845
2.04 6.00014626926 -16.672502784
2.06 5.67661942549 -15.6911720137
2.08 5.37207574498 -14.7734005914
2.1 5.0852899469 -13.9146591218
2.12 4.81512376967 -13.1107699528
2.14 4.56051923427 -12.357877807
2.16 4.32049246855 -11.6524230189
2.18 4.09412804277 -10.9911171329
2.2 3.88057377135 -10.3709206438
2.22 3.67903594016 -9.78902268022
2.24 3.48877492211 -9.24282245317
2.26 3.3091011476 -8.72991230717
2.28 3.139371399 -8.24806222852
2.3 2.97898540168 -7.79520567815
2.32 2.82738268598 -7.36942662971
2.34 2.68403969738 -6.96894770458
2.36 2.54846713379 -6.59211930583
2.38 2.42020749091 -6.23740966219
2.4 2.29883279835 -5.9033957016
2.42 2.18394253049 -5.58875468123
2.44 2.0751616778 -5.29225650751
2.46 1.97213896541 -5.01275668628
2.48 1.87454520671 -4.74918984798
2.5 1.78207178126 -4.50056379848
2.52 1.69442922668 -4.26595405013
2.54 1.61134593555 -4.04449879209
2.56 1.53256694876 -3.83539426233
2.58 1.45785283776 -3.63789048739
2.6 1.38697866855 -3.45128735884
2.62 1.31973304102 -3.27493101805
2.64 1.2559171977 -3.10821052359
2.66 1.19534419664 -2.95055477779
2.68 1.13783814317 -2.80142969087
2.7 1.08323347637 -2.66033556316
2.72 1.0313743057 -2.52680466748
2.74 0.982113794195 -2.40039901543
2.76 0.935313584612 -2.28070829248
2.78 0.890843265299 -2.16734794845
2.8 0.848579872799 -2.05995743066
2.82 0.808407428465 -1.95819854854
2.84 0.770216506558 -1.861753959
2.86 0.733903831508 -1.77032576328
2.88 0.699371902198 -1.6836342062
2.9 0.666528641301 -1.60141647001
2.92 0.63528706787 -1.5234255553
2.94 0.605564991479 -1.44942924234
2.96 0.577284726398 -1.37920912651
2.98 0.550372824359 -1.31255972225
3 0.524759824605 -1.2492876302
3.02 0.500380020006 -1.18921076278
3.04 0.477171238108 -1.13215762377
3.06 0.455074636099 -1.07796663783
3.08 0.434034508702 -1.02648552622
3.1 0.413998108128 -0.97757072526
3.12 0.39491547526 -0.931086844478
3.14 0.376739281296 -0.886906161331
3.16 0.359424679162 -0.844908149994
3.18 0.34292916402 -0.804979041649
3.2 0.327212442282 -0.767011414015
3.22 0.31223630856 -0.730903808014
3.24 0.297964530015 -0.696560369627
3.26 0.28436273765 -0.663890515142
3.28 0.271398324062 -0.632808618149
3.3 0.259040347262 -0.603233716732
3.32 0.24725944015 -0.575089239466
3.34 0.236027725303 -0.548302748888
3.36 0.225318734723 -0.522805701248
3.38 0.215107334236 -0.498533221411
3.4 0.205369652255 -0.475423891873
3.42 0.196083012627 -0.453419554935
3.44 0.187225871308 -0.432465127136
3.46 0.178777756644 -0.412508425137
3.48 0.170719213015 -0.39350000226
3.5 0.163031747658 -0.375392995009
3.52 0.155697780453 -0.358142978885
3.54 0.148700596518 -0.341707832893
3.56 0.142024301425 -0.326047612179
3.58 0.135653778884 -0.311124428257
3.6 0.129574650756 -0.296902336342
3.62 0.12377323925 -0.283347229331
3.64 0.118236531177 -0.270426738006
3.66 0.11295214414 -0.258110137064
3.68 0.107908294552 -0.246368256603
3.7 0.103093767368 -0.235173398729
3.72 0.0984978874415 -0.224499258951
3.74 0.0941104924015 -0.214320852079
3.76 0.0899219069737 -0.20461444234
3.78 0.085922918658 -0.195357477446
3.8 0.0821047546863 -0.186528526397
3.82 0.0784590601898 -0.178107220752
3.84 0.0749778775077 -0.1700741992
3.86 0.0716536265726 -0.162411055203
3.88 0.0684790863147 -0.155100287539
3.9 0.0654473770273 -0.148125253571
3.92 0.0625519436404 -0.141470125077
3.94 0.0597865398543 -0.135119846499
3.96 0.0571452130848 -0.129060095458
3.98 0.0546222901761 -0.123277245405
4 0.0522123638416 -0.117758330296
4.02 0.0499102797901 -0.112491011153
4.04 0.047711124505 -0.107463544424
4.06 0.045610213637 -0.102664752025
4.08 0.0436030809817 -0.0980839929698
4.1 0.0416854680086 -0.0937111365049
4.12 0.039853313913 -0.0895365366588
4.14 0.0381027461641 -0.0855510081251
4.16 0.0364300715217 -0.0817458034091
4.18 0.0348317674991 -0.0781125911648
4.2 0.0333044742471 -0.0746434356574
4.22 0.031844986838 -0.0713307772883
4.24 0.0304502479297 -0.0681674141255
4.26 0.0291173407887 -0.0651464843828
4.28 0.0278434826551 -0.0622614497981
4.3 0.0266260184309 -0.0595060798598
4.32 0.0254624146765 -0.056874436837
4.34 0.0243502538979 -0.0543608615702
4.36 0.0232872291118 -0.0519599599806
4.38 0.0222711386729 -0.0496665902607
4.4 0.0212998813511 -0.0474758507097
4.42 0.0203714516461 -0.045383068179
4.44 0.0194839353269 -0.0433837870964
4.46 0.0186355051859 -0.0414737590381
4.48 0.0178244169949 -0.0396489328192
4.5 0.0170490056563 -0.0379054450769
4.52 0.0163076815364 -0.0362396113199
4.54 0.0155989269739 -0.0346479174195
4.56 0.014921292954 -0.0331270115203
4.58 0.0142733959409 -0.0316736963488
4.6 0.0136539148597 -0.0302849218987
4.62 0.0130615882212 -0.0289577784743
4.64 0.0124952113822 -0.0276894900735
4.66 0.0119536339357 -0.0264774080931
4.68 0.0114357572227 -0.0253190053402
4.7 0.0109405319616 -0.0242118703332
4.72 0.010466955989 -0.0231537018803
4.74 0.0100140721054 -0.0221423039176
4.76 0.00958096602258 -0.0211755805979
4.78 0.00916676440616 -0.020251531615
4.8 0.00877063300981 -0.0193682477518
4.82 0.00839177489612 -0.0185239066434
4.84 0.00802942874025 -0.0177167687409
4.86 0.00768286721235 -0.0169451734693
4.88 0.00735139543497 -0.0162075355682
4.9 0.00703434951191 -0.0155023416059
4.92 0.00673109512514 -0.0148281466599
4.94 0.00644102619643 -0.0141835711544
4.96 0.00616356361085 -0.0135672978472
4.98 0.00589815399901 -0.01297806896
5 0.00564426857535 -0.0124146834423
