0.1 10233.4492526 -161315.295262
0.12 7622.01616454 -105267.858173
0.14 5869.07954303 -72732.5452402
0.16 4632.51464373 -52406.5141847
0.18 3727.28250685 -38989.6077685
0.2 3045.35424333 -29747.0600064
0.22 2519.82639449 -23160.2970093
0.24 2107.27015049 -18335.2640764
0.26 1778.39452198 -14719.7593748
0.28 1512.8083295 -11958.8108881
0.3 1295.93471571 -9816.38301118
0.32 1117.11699444 -8130.92555608
0.34 968.413896078 -6789.08481609
0.36 843.809381143 -5709.59363627
0.38 738.680265849 -4833.08609073
0.4 649.428991467 -4115.4774232
0.42 573.22499159 -3523.55409595
0.44 507.819163203 -3031.97082865
0.46 451.408588389 -2621.16507893
0.48 402.536451293 -2275.88285317
0.5 360.017024306 -1984.11994904
0.52 322.878783585 -1736.35058174
0.54 290.320815783 -1524.9580603
0.56 261.679090376 -1343.80962805
0.58 236.400137547 -1187.93555692
0.6 214.02034211 -1053.28456433
0.62 194.149536285 -936.535735234
0.64 176.457911298 -834.952709779
0.66 160.665511411 -746.269785799
0.68 146.533751952 -668.602330591
0.7 133.858534376 -600.375858357
0.72 122.464629299 -540.269546844
0.74 112.201072106 -487.17100108
0.76 102.937371594 -440.13983427
0.78 94.5603747401 -398.378202478
0.8 86.97166352 -361.206854393
0.82 80.0853851238 -328.045578224
0.84 73.8264367138 -298.397171801
0.86 68.128941405 -271.834248905
0.88 62.9349643825 -247.988338874
0.9 58.193427767 -226.540848291
0.92 53.8591905551 -207.215540668
0.94 49.8922661323 -189.772258294
0.96 46.2571548168 -174.00166428
0.98 42.9222728857 -159.720825348
1 39.8594627755 -146.769489839
1.02 37.0435717769 -135.006942404
1.04 34.4520886923 -124.309338554
1.06 32.0648296777 -114.567439675
1.08 29.8636659335 -105.684683226
1.1 27.8322870972 -97.5755342428
1.12 25.9559951713 -90.1640735957
1.14 24.2215246316 -83.3827860018
1.16 22.6168850397 -77.1715170283
1.18 21.1312230417 -71.4765734067
1.2 19.7547011116 -66.2499451793
1.22 18.4783907842 -61.4486316655
1.24 17.2941784601 -57.0340561053
1.26 16.1946821385 -52.9715562165
1.28 15.1731776713 -49.2299398878
1.3 14.2235333291 -45.7810968799
1.32 13.3401516387 -42.5996587909
1.34 12.5179175947 -39.6627007008
1.36 11.7521524682 -36.9494788816
1.38 11.0385725421 -34.4411997814
1.4 10.3732521878 -32.120816179
1.42 9.75259077756 -29.9728469925
1.44 9.17328298936 -27.9832177186
1.46 8.63229211859 -26.1391189005
1.48 8.12682605934 -24.4288803795
1.5 7.65431565906 -22.8418593901
1.52 7.21239518707 -21.3683408183
1.54 6.79888468865 -19.9994481659
1.56 6.41177402347 -18.7270639537
1.58 6.04920841084 -17.5437584606
1.6 5.70947532499 -16.4427258374
1.62 5.39099260138 -15.4177267535
1.64 5.09229763104 -14.4630368417
1.66 4.81203753333 -13.5734002959
1.68 4.54896021018 -12.7439880552
1.7 4.30190619484 -11.9703600758
1.72 4.06980121805 -11.2484312534
1.74 3.85164942263 -10.5744406055
1.76 3.64652716453 -9.94492337565
1.78 3.45357734529 -9.3566857523
1.8 3.27200422615 -8.80678193718
1.82 3.10106867936 -8.29249332268
1.84 2.9400838366 -7.81130956718
1.86 2.78841109849 -7.36091137955
1.88 2.64545647283 -6.93915484459
1.9 2.51066721205 -6.54405713933
1.92 2.38352872368 -6.17378350606
1.94 2.2635617297 -5.82663536208
1.96 2.15031965334 -5.50103943857
1.98 2.04338621352 -5.19553785214
2 1.9423732093 -4.90877902238
2.02 1.84691847825 -4.63950935762
2.04 1.75668401388 -4.38656563864
2.06 1.67135422902 -4.1488680373
2.08 1.59063435299 -3.92541371299
2.1 1.51424895144 -3.71527093552
2.12 1.44194055886 -3.51757368798
2.14 1.37346841462 -3.33151670745
2.16 1.30860729412 -3.15635092546
2.18 1.24714642743 -2.99137927374
2.2 1.18888849839 -2.83595282398
2.22 1.13364871792 -2.68946723299
2.24 1.08125396541 -2.55135946774
2.26 1.0315419932 -2.42110478644
2.28 0.984360688933 -2.29821395461
2.3 0.939567391443 -2.18223067646
2.32 0.897028256005 -2.07272922394
2.34 0.856617665166 -1.96931224726
2.36 0.818217681675 -1.87160875211
2.38 0.781717540315 -1.77927223008
2.4 0.747013175691 -1.69197893008
2.42 0.714006783287 -1.60942625924
2.44 0.682606411288 -1.53133130328
2.46 0.652725580878 -1.45742945664
2.48 0.624282932918 -1.38747315403
2.5 0.59720189904 -1.32123069508
2.52 0.571410395378 -1.25848515523
2.54 0.546840537277 -1.19903337591
2.56 0.523428373455 -1.14268502805
2.58 0.501113638212 -1.08926174316
2.6 0.479839520382 -1.03859630697
2.62 0.459552447823 -0.990531910773
2.64 0.440201886353 -0.944921456142
2.66 0.421740152074 -0.901626908988
2.68 0.404122236167 -0.860518699285
2.7 0.387305641254 -0.821475163032
2.72 0.371250228535 -0.78438202332
2.74 0.355918074928 -0.749131907617
2.76 0.341273339527 -0.715623898596
2.78 0.327282138729 -0.683763116048
2.8 0.313912429431 -0.653460327611
2.82 0.301133899743 -0.624631586215
2.84 0.288917866695 -0.597197892309
2.86 0.277237180476 -0.571084879089
2.88 0.266066134747 -0.546222519054
2.9 0.255380382618 -0.52254485039
2.92 0.245156857924 -0.499989721747
2.94 0.235373701419 -0.478498554112
2.96 0.226010191577 -0.458016118562
2.98 0.217046679693 -0.438490328794
3 0.208464528985 -0.41987204737
3.02 0.20024605745 -0.402114904735
3.04 0.192374484217 -0.385175130121
3.06 0.184833879168 -0.36901139349
3.08 0.177609115617 -0.353584657782
3.1 0.170685825849 -0.338858040731
3.12 0.164050359331 -0.324796685615
3.14 0.157689743423 -0.31136764031
3.16 0.151591646432 -0.298539744095
3.18 0.145744342853 -0.286283521679
3.2 0.140136680666 -0.274571083955
3.22 0.134758050549 -0.263376035041
3.24 0.129598356898 -0.25267338517
3.26 0.124647990527 -0.242439469049
3.28 0.119897802954 -0.232651869323
3.3 0.115339082166 -0.223289344799
3.32 0.110963529776 -0.214331763113
3.34 0.106763239486 -0.205760037561
3.36 0.102730676775 -0.197556067805
3.38 0.0988586597282 -0.189702684211
3.4 0.0951403409576 -0.182183595573
3.42 0.0915691905254 -0.174983340019
3.44 0.0881389798251 -0.168087238871
3.46 0.0848437663554 -0.161481353288
3.48 0.081677879335 -0.155152443505
3.5 0.0786359061088 -0.149087930501
3.52 0.0757126792966 -0.143275859944
3.54 0.0729032646426 -0.137704868269
3.56 0.0702029495223 -0.132364150748
3.58 0.0676072320691 -0.12724343144
3.6 0.0651118108849 -0.122332934885
3.62 0.0627125752993 -0.117623359447
3.64 0.0604055961468 -0.113105852201
3.66 0.058187117032 -0.108771985258
3.68 0.0560535460537 -0.104613733458
3.7 0.054001447963 -0.100623453324
3.72 0.0520275367301 -0.0967938632212
3.74 0.0501286684963 -0.0931180246345
3.76 0.0483018348903 -0.0895893244984
3.78 0.0465441566871 -0.0862014585193
3.8 0.044852877792 -0.0829484154285
3.82 0.0432253595301 -0.0798244621077
3.84 0.0416590752251 -0.0768241295387
3.86 0.0401516050512 -0.0739421995254
3.88 0.0387006311435 -0.0711736921426
3.9 0.0373039329525 -0.0685138538704
3.92 0.035959382829 -0.0659581463714
3.94 0.0346649418275 -0.0635022358749
3.96 0.0334186557167 -0.0611419831319
3.98 0.0322186511846 -0.0588734339073
4 0.031063132229 -0.0566928099791
4.02 0.0299503767237 -0.0545965006153
4.04 0.0288787331498 -0.0525810544994
4.06 0.0278466174845 -0.050643172082
4.08 0.0268525102393 -0.048779698331
4.1 0.0258949536385 -0.0469876158596
4.12 0.0249725489325 -0.0452640384109
4.14 0.0240839538371 -0.0436062046781
4.16 0.023227880094 -0.0420114724421
4.18 0.0224030911448 -0.0404773130085
4.2 0.0216083999142 -0.0390013059282
4.22 0.0208426666953 -0.0375811339849
4.24 0.0201047971331 -0.0362145784351
4.26 0.0193937403005 -0.0348995144877
4.28 0.0187084868628 -0.0336339070085
4.3 0.0180480673256 -0.0324158064386
4.32 0.0174115503623 -0.0312433449156
4.34 0.0167980412175 -0.0301147325845
4.36 0.0162066801824 -0.0290282540907
4.38 0.015636641138 -0.0279822652438
4.4 0.0150871301641 -0.0269751898437
4.42 0.01455738421 -0.0260055166601
4.44 0.0140466698237 -0.0250717965582
4.46 0.0135542819382 -0.0241726397611
4.48 0.0130795427101 -0.0233067132444
4.5 0.0126218004098 -0.0224727382535
4.52 0.0121804283598 -0.0216694879392
4.54 0.0117548239196 -0.0208957851042
4.56 0.0113444075139 -0.0201505000561
4.58 0.0109486217033 -0.01943254856
4.6 0.0105669302952 -0.0187408898872
4.62 0.0101988174918 -0.0180745249531
4.64 0.00984378707542 -0.017432494543
4.66 0.00950136162829 -0.0168138776171
4.68 0.00917108178515 -0.0162177896954
4.7 0.00885250551766 -0.0156433813143
4.72 0.00854520744891 -0.0150898365547
4.74 0.00824877819671 -0.0145563716357
4.76 0.00796282374433 -0.0140422335724
4.78 0.00768696483754 -0.0135466988933
4.8 0.00742083640662 -0.0130690724156
4.82 0.00716408701245 -0.0126086860742
4.84 0.00691637831538 -0.0121648978037
4.86 0.00667738456604 -0.0117370904692
4.88 0.00644679211698 -0.0113246708439
4.9 0.00622429895441 -0.010927068632
4.92 0.00600961424896 -0.0105437355343
4.94 0.00580245792476 -0.0101741443542
4.96 0.00560256024599 -0.00981778814268
4.98 0.0054096614202 -0.00947417937994
5 0.0052235112176 -0.00914284919278
