0.1 43420.9006995 -716114.342285
0.12 31883.5541231 -462540.834112
0.14 24217.5199313 -316383.242594
0.16 18864.1216682 -225669.001889
0.18 14985.0392494 -166173.861214
0.2 12093.1034678 -125461.513355
0.22 9887.81687901 -96653.1106979
0.24 8174.86973284 -75710.4809059
0.26 6823.7403571 -60145.0712747
0.28 5743.97805006 -48360.3230707
0.3 4871.25833893 -39296.8363756
0.32 4158.83180184 -32231.3410321
0.34 3572.08891793 -26657.9314261
0.36 3084.99749246 -22215.3046484
0.38 2677.70461679 -18640.7458798
0.4 2334.88485093 -15740.2079724
0.42 2044.57930973 -13368.3741246
0.44 1797.36525014 -11415.0827268
0.46 1585.75276324 -9795.90572978
0.48 1403.74037557 -8445.49767188
0.5 1246.4836491 -7312.82889927
0.52 1110.04529925 -6357.72249973
0.54 991.204886036 -5548.30745781
0.56 887.312551424 -4859.12481824
0.58 796.17566895 -4269.70521681
0.6 715.970323822 -3763.49061675
0.62 645.171691885 -3327.010055
0.64 582.498919815 -2949.24465428
0.66 526.871215714 -2621.13491403
0.68 477.37266651 -2335.19583614
0.7 433.223892878 -2085.21440059
0.72 393.759094016 -1866.0103729
0.74 358.407365371 -1673.24613759
0.76 326.677422142 -1503.27471752
0.78 298.145051241 -1353.01770729
0.8 272.442759697 -1219.86676889
0.82 249.251199435 -1101.60378177
0.84 228.292035038 -996.335834263
0.86 209.32198869 -902.442077212
0.88 192.127849355 -818.530101239
0.9 176.522274899 -743.399992148
0.92 162.340248787 -676.014602112
0.94 149.436079109 -615.474872456
0.96 137.680848552 -560.999277429
0.98 126.960240651 -511.906642147
1 117.172681046 -467.601732987
1.02 108.227743353 -427.563133901
1.04 100.044778001 -391.333013785
1.06 92.5517295452 -358.508463371
1.08 85.6841137803 -328.734138916
1.1 79.3841307382 -301.695997319
1.12 73.5998935755 -277.115945564
1.14 68.2847565669 -254.747258392
1.16 63.3967280901 -234.370643335
1.18 58.8979566864 -215.790852794
1.2 54.7542801177 -198.83375969
1.22 50.9348288652 -183.343827013
1.24 47.4116767925 -169.181912963
1.26 44.1595327654 -156.223362737
1.28 41.1554679168 -144.356345805
1.3 38.3786740069 -133.480403921
1.32 35.8102489639 -123.505180492
1.34 33.433006235 -114.349306382
1.36 31.2313050361 -105.93942098
1.38 29.1908989802 -98.2093104627
1.4 27.2988008996 -91.099147849
1.42 25.5431619599 -84.5548216293
1.44 23.9131634124 -78.5273416456
1.46 22.3989195378 -72.9723124711
1.48 20.9913905198 -67.8494658892
1.5 19.6823041377 -63.1222452099
1.52 18.4640853089 -58.7574351411
1.54 17.3297926237 -54.7248317611
1.56 16.2730611198 -50.996947853
1.58 15.2880506315 -47.5487494731
1.6 14.3693991257 -44.3574201503
1.62 13.5121805038 -41.4021495678
1.64 12.7118664085 -38.6639439677
1.66 11.9642916265 -36.1254558596
1.68 11.2656227206 -33.7708309046
1.7 10.6123295692 -31.585570104
1.72 10.0011595226 -29.5564056396
1.74 9.42911391808 -27.6711889106
1.76 8.89342672333 -25.9187894745
1.78 8.39154510176 -24.2890037525
1.8 7.92111171437 -22.7724724857
1.82 7.47994859268 -21.360606042
1.84 7.06604243374 -20.0455167752
1.86 6.67753118346 -18.8199577227
1.88 6.31269178793 -17.677267008
1.9 5.9699290044 -16.6113173809
1.92 5.64776517439 -15.6164703889
1.94 5.34483087083 -14.6875347273
1.96 5.05985633986 -13.8197283625
1.98 4.79166366546 -13.0086440647
2 4.53915959212 -12.2502180243
2.02 4.30132894676 -11.5407012586
2.04 4.07722860691 -10.8766335461
2.06 3.86598196681 -10.2548196517
2.08 3.66677385799 -9.67230762802
2.1 3.47884588463 -9.1263690036
2.12 3.30149213776 -8.61448068127
2.14 3.13405525572 -8.13430839285
2.16 2.97592280112 -7.68369156759
2.18 2.82652392739 -7.2606294871
2.2 2.68532631037 -6.86326861101
2.22 2.55183332246 -6.48989096898
2.24 2.4255814292 -6.13890352425
2.26 2.30613778946 -5.808828423
2.28 2.19309804252 -5.4982940515
2.3 2.08608426649 -5.20602683065
2.32 1.98474309403 -4.93084368362
2.34 1.88874397242 -4.67164511845
2.36 1.79777755635 -4.42740887248
2.38 1.71155422255 -4.19718407075
2.4 1.62980269651 -3.98008585429
2.42 1.55226878226 -3.77529043848
2.44 1.47871418697 -3.58203056529
2.46 1.40891543292 -3.39959131611
2.48 1.34266284972 -3.22730625508
2.5 1.27975964076 -3.0645538754
2.52 1.22002101776 -2.91075432344
2.54 1.1632733984 -2.76536637776
2.56 1.10935366184 -2.62788466213
2.58 1.05810845793 -2.49783707328
2.6 1.00939356581 -2.37478240602
2.62 0.963073298145 -2.25830815965
2.64 0.919019947612 -2.14802851109
2.66 0.8771132723 -2.04358244122
2.68 0.837240017191 -1.94463200228
2.7 0.799293468969 -1.85086071503
2.72 0.763173041672 -1.7619720854
2.74 0.728783890902 -1.67768823112
2.76 0.696036554463 -1.59774860985
2.78 0.664846617507 -1.52190884064
2.8 0.635134400358 -1.44993961159
2.82 0.606824667393 -1.38162566704
2.84 0.579846355427 -1.31676486794
2.86 0.554132320207 -1.2551673201
2.88 0.529619099712 -1.19665456473
2.9 0.506246693052 -1.14105882687
2.92 0.483958353857 -1.08822231708
2.94 0.46270039714 -1.03799658248
2.96 0.44242201867 -0.990241903312
2.98 0.423075125989 -0.944826731798
3 0.404614180258 -0.901627169921
3.02 0.386996048181 -0.860526483393
3.04 0.370179863305 -0.821414649064
3.06 0.35412689607 -0.784187933328
3.08 0.338800431989 -0.74874849925
3.1 0.324165657419 -0.715004040318
3.12 0.310189552408 -0.682867438892
3.14 0.296840790145 -0.652256447552
3.16 0.284089642557 -0.623093391715
3.18 0.271907891665 -0.595304891974
3.2 0.260268746303 -0.568821604776
3.22 0.24914676385 -0.543577980122
3.24 0.238517776646 -0.519512035092
3.26 0.2283588228 -0.496565142082
3.28 0.218648081079 -0.474681830726
3.3 0.209364809638 -0.453809602539
3.32 0.200489288342 -0.433898757422
3.34 0.192002764434 -0.414902231182
3.36 0.183887401359 -0.396775443336
3.38 0.176126230531 -0.379476154482
3.4 0.168703105862 -0.362964332592
3.42 0.161602660884 -0.347202027624
3.44 0.154810268294 -0.332153253891
3.46 0.148312001787 -0.317783879666
3.48 0.142094600021 -0.304061523552
3.5 0.136145432594 -0.290955457149
3.52 0.13045246791 -0.278436513623
3.54 0.125004242814 -0.266477001777
3.56 0.119789833896 -0.255050625266
3.58 0.114798830362 -0.244132406629
3.6 0.110021308375 -0.233698615819
3.62 0.105447806791 -0.223726702946
3.64 0.101069304192 -0.214195234961
3.66 0.0968771971542 -0.205083836032
3.68 0.0928632796665 -0.19637313138
3.7 0.0890197236477 -0.188044694352
3.72 0.0853390604867 -0.180080996533
3.74 0.0818141635523 -0.172465360704
3.76 0.0784382316178 -0.165181916474
3.78 0.0752047731467 -0.158215558417
3.8 0.0721075913927 -0.15155190656
3.82 0.0691407702668 -0.145177269085
3.84 0.0662986609303 -0.1390786071
3.86 0.0635758690718 -0.133243501363
3.88 0.0609672428318 -0.127660120842
3.9 0.0584678613382 -0.122317192988
3.92 0.0560730238208 -0.117203975639
3.94 0.0537782392713 -0.112310230444
3.96 0.0515792166209 -0.10762619772
3.98 0.0494718554074 -0.103142572664
4 0.0474522369042 -0.0988504828366
4.02 0.0455166156886 -0.0947414668391
4.04 0.0436614116246 -0.0908074541275
4.06 0.0418832022389 -0.0870407458859
4.08 0.0401787154688 -0.0834339969054
4.1 0.0385448227639 -0.0799801984099
4.12 0.0369785325211 -0.0766726617754
4.14 0.0354769838377 -0.0735050030914
4.16 0.0340374405647 -0.0704711285199
4.18 0.0326572856456 -0.0675652204047
4.2 0.0313340157255 -0.0647817240911
4.22 0.0300652360173 -0.0621153354171
4.24 0.028848655412 -0.0595609888376
4.26 0.0276820818194 -0.057113846149
4.28 0.0265634177298 -0.0547692857801
4.3 0.0254906559838 -0.0525228926196
4.32 0.0244618757407 -0.0503704483509
4.34 0.023475238635 -0.0483079222664
4.36 0.0225289851122 -0.0463314625379
4.38 0.0216214309355 -0.0444373879157
4.4 0.0207509638531 -0.0426221798368
4.42 0.0199160404206 -0.0408824749183
4.44 0.019115182969 -0.0392150578174
4.46 0.018346976713 -0.0376168544383
4.48 0.0176100669907 -0.0360849254679
4.5 0.0169031566301 -0.0346164602231
4.52 0.0162250034357 -0.0332087707946
4.54 0.0155744177891 -0.0318592864707
4.56 0.0149502603587 -0.0305655484279
4.58 0.0143514399127 -0.0293252046741
4.6 0.0137769112313 -0.028136005232
4.62 0.0132256731124 -0.0269957975497
4.64 0.0126967664673 -0.0259025221291
4.66 0.0121892725017 -0.0248542083582
4.68 0.011702310978 -0.0238489705402
4.7 0.0112350385548 -0.0228850041075
4.72 0.0107866472012 -0.0219605820122
4.74 0.0103563626809 -0.0210740512846
4.76 0.00994344310358 -0.020223829751
4.78 0.00954717754067 -0.0194084029035
4.8 0.00916688470213 -0.0186263209138
4.82 0.00880191167152 -0.0178761957841
4.84 0.00845163269682 -0.0171566986297
4.86 0.00811544803428 -0.0164665570842
4.88 0.00779278284303 -0.0158045528248
4.9 0.00748308612798 -0.0151695192092
4.92 0.00718582972899 -0.0145603390199
4.94 0.00690050735402 -0.0139759423113
4.96 0.00662663365447 -0.0134153043532
4.98 0.0063637433406 -0.0128774436675
5 0.00611139033542 -0.0123614201537
