0.1 37439.5945604 -614260.767321
0.12 27537.6249795 -397234.718832
0.14 20950.2441004 -272040.845123
0.16 16344.4968278 -194278.136654
0.18 13003.0284501 -143237.448999
0.2 10508.755038 -108281.451831
0.22 8604.29082813 -83524.0898977
0.24 7123.12444192 -65509.0264246
0.26 5953.34770828 -52105.770731
0.28 5017.36160189 -41947.1540446
0.3 4259.94247993 -34125.7241399
0.32 3640.9235073 -28021.7172388
0.34 3130.54263126 -23201.4238527
0.36 2706.39299942 -19354.9249917
0.38 2351.36986541 -16256.7189228
0.4 2052.25600034 -13740.1201699
0.42 1798.72714081 -11680.2000648
0.44 1582.64024262 -9982.16993676
0.46 1397.51609373 -8573.31706159
0.48 1238.15795659 -7397.31035624
0.5 1100.36697289 -6410.11763607
0.52 980.727404079 -5577.03805485
0.54 876.442934519 -4870.51842028
0.56 785.210751708 -4268.52835242
0.58 705.123873393 -3753.33898941
0.6 634.59480117 -3310.59651041
0.62 572.295418789 -2928.61333951
0.64 517.109365404 -2597.82164454
0.66 468.094061016 -2310.34892114
0.68 424.450252287 -2059.68617319
0.7 385.497455835 -1840.42685979
0.72 350.654054501 -1648.06030908
0.74 319.421085646 -1478.80733053
0.76 291.368974785 -1329.48872244
0.78 266.126630816 -1197.41957153
0.8 243.372443972 -1080.32388509
0.82 222.826823843 -976.265334883
0.84 204.245989407 -883.590830103
0.86 187.416781201 -800.884353288
0.88 172.152311337 -726.929042388
0.9 158.288302982 -660.675926695
0.92 145.679999343 -601.218053509
0.94 134.199544776 -547.768999227
0.96 123.733758688 -499.644959761
0.98 114.182237328 -456.249773658
1 105.455730238 -417.062356507
1.02 97.4747474787 -381.626124697
1.04 90.1683614029 -349.540065838
1.06 83.4731729308 -320.451176581
1.08 77.3324173297 -294.048039499
1.1 71.6951886581 -270.055351709
1.12 66.5157654289 -248.229251133
1.14 61.7530228494 -228.353313158
1.16 57.3699193191 -210.235112395
1.18 53.333046782 -193.703262105
1.2 49.6122361319 -178.604858479
1.22 46.1802101982 -164.803268987
1.24 43.0122779561 -152.176213919
1.26 40.0860645356 -140.614098377
1.28 37.3812723911 -130.01855877
1.3 34.8794696528 -120.301193462
1.32 32.5639022416 -111.382451903
1.34 30.4193268 -103.190660471
1.36 28.4318618967 -95.6611665087
1.38 26.5888553012 -88.7355847812
1.4 24.8787654195 -82.3611328756
1.42 23.2910552301 -76.4900440024
1.44 21.8160972736 -71.0790472946
1.46 20.445088433 -66.0889070848
1.48 19.1699734012 -61.4840138172
1.5 17.9833758676 -57.2320202518
1.52 16.8785365738 -53.303517467
1.54 15.8492574915 -49.6717458998
1.56 14.8898514643 -46.3123372803
1.58 13.9950967326 -43.2030838573
1.6 13.160195827 -40.3237317658
1.62 12.3807383769 -37.655795789
1.64 11.6526674293 -35.1823931035
1.66 10.9722489222 -32.8880938966
1.68 10.3360439906 -30.7587869975
1.7 9.74088382533 -28.7815588883
1.72 9.18384682903 -26.9445846534
1.74 8.66223784476 -25.2370295955
1.76 8.17356925511 -23.6489603918
1.78 7.71554377119 -22.1712647935
1.8 7.28603874964 -20.7955789857
1.82 6.88309189245 -19.5142218214
1.84 6.50488819927 -18.3201352321
1.86 6.14974805494 -17.2068301922
1.88 5.81611634693 -16.1683376838
1.9 5.50255251755 -15.1991641671
1.92 5.20772146557 -14.2942511126
1.94 4.93038521973 -13.4489382019
1.96 4.6693953147 -12.6589298406
1.98 4.42368580623 -11.9202646668
2 4.1922668686 -11.2292877696
2.02 3.9742189228 -10.5826253616
2.04 3.76868724859 -9.97716167531
2.06 3.5748770382 -9.4100178756
2.08 3.39204885315 -8.87853280235
2.1 3.21951444932 -8.3802453742
2.12 3.05663293872 -7.91287850191
2.14 2.90280725888 -7.47432437428
2.16 2.75748092397 -7.06263099249
2.18 2.62013503366 -6.67598984088
2.2 2.49028551803 -6.31272459292
2.22 2.36748059879 -5.97128076024
2.24 2.2512984488 -5.65021620178
2.26 2.14134503346 -5.34819241741
2.28 2.03725211889 -5.06396655766
2.3 1.93867543334 -4.79638408731
2.32 1.84529296927 -4.5443720464
2.34 1.75680341461 -4.3069328574
2.36 1.67292470286 -4.08313863168
2.38 1.59339267241 -3.87212593297
2.4 1.5179598263 -3.67309095902
2.42 1.44639418459 -3.48528510629
2.44 1.37847822169 -3.30801088546
2.46 1.31400788229 -3.14061815863
2.48 1.25279166945 -2.9825006713
2.5 1.19464979934 -2.83309285499
2.52 1.13941341743 -2.69186687793
2.54 1.08692387129 -2.55832992379
2.56 1.03703203578 -2.43202167966
2.58 0.989597686458 -2.31251201632
2.6 0.944488917632 -2.19939884529
2.62 0.9015816016 -2.09230613844
2.64 0.860758885996 -1.99088209704
2.66 0.821910726356 -1.89479745845
2.68 0.784933451263 -1.8037439294
2.7 0.749729357646 -1.71743273594
2.72 0.716206333997 -1.63559328081
2.74 0.684277509424 -1.55797189978
2.76 0.653860926669 -1.48433070932
2.78 0.624879237302 -1.41444653845
2.8 0.597259417504 -1.34810993821
2.82 0.570932502929 -1.2851242628
2.84 0.545833341273 -1.22530481694
2.86 0.521900361278 -1.1684780643
2.88 0.499075356993 -1.11448089237
2.9 0.477303286211 -1.06315992956
2.92 0.456532082077 -1.01437091047
2.94 0.436712476932 -0.967978085859
2.96 0.417797837548 -0.923853673791
2.98 0.399744010949 -0.881877349057
3 0.382509180081 -0.841935767923
3.02 0.366053728667 -0.803922125639
3.04 0.350340114591 -0.767735744293
3.06 0.335332751252 -0.733281688778
3.08 0.320997896325 -0.700470408843
3.1 0.307303547442 -0.669217405308
3.12 0.294219344321 -0.639442918719
3.14 0.28171647691 -0.611071638815
3.16 0.269767599144 -0.584032433325
3.18 0.25834674795 -0.558258094706
3.2 0.247429267143 -0.533685103564
3.22 0.236991735898 -0.510253407561
3.24 0.227011901501 -0.487906214733
3.26 0.217468616094 -0.466589800202
3.28 0.208341777165 -0.446253325357
3.3 0.199612271528 -0.426848668621
3.32 0.191261922588 -0.408330267027
3.34 0.183273440668 -0.390654967846
3.36 0.17563037621 -0.373781889578
3.38 0.168317075664 -0.357672291677
3.4 0.161318639908 -0.342289452414
3.42 0.154620885026 -0.327598554325
3.44 0.148210305309 -0.313566576745
3.46 0.14207403834 -0.300162194944
3.48 0.136199832032 -0.287355685429
3.5 0.130576013499 -0.275118837014
3.52 0.12519145966 -0.263424867265
3.54 0.120035569449 -0.252248343967
3.56 0.115098237565 -0.241565111309
3.58 0.110369829639 -0.231352220443
3.6 0.105841158757 -0.221587864172
3.62 0.101503463248 -0.212251315479
3.64 0.0973483856666 -0.203322869655
3.66 0.0933679528925 -0.194783789808
3.68 0.0895545572967 -0.186616255523
3.7 0.0859009388992 -0.178803314493
3.72 0.0824001684672 -0.171328836912
3.74 0.0790456314992 -0.164177472483
3.76 0.0758310130448 -0.157334609865
3.78 0.0727502833112 -0.1507863384
3.8 0.069797684015 -0.144519412008
3.82 0.066967715434 -0.138521215084
3.84 0.0642551241235 -0.132779730302
3.86 0.0616548912572 -0.127283508198
3.88 0.0591622215604 -0.122021638428
3.9 0.0567725328018 -0.116983722597
3.92 0.0544814458138 -0.112159848572
3.94 0.0522847750122 -0.107540566194
3.96 0.0501785193889 -0.103116864288
3.98 0.0481588539518 -0.0988801489172
4 0.0462221215876 -0.0948222227996
4.02 0.0443648253253 -0.0909352658141
4.04 0.0425836209794 -0.0872118165433
4.06 0.0408753101523 -0.0836447547864
4.08 0.0392368335769 -0.0802272849902
4.1 0.0376652647823 -0.076952920545
4.12 0.0361578040653 -0.0738154688962
4.14 0.0347117727512 -0.0708090174261
4.16 0.0333246077306 -0.0679279200631
4.18 0.0319938562565 -0.0651667845768
4.2 0.0307171709892 -0.0625204605222
4.22 0.0294923052755 -0.059984027796
4.24 0.0283171086524 -0.0575527857726
4.26 0.0271895225607 -0.0552222429867
4.28 0.026107576261 -0.0529881073343
4.3 0.0250693829404 -0.050846276763
4.32 0.0240731360006 -0.0487928304257
4.34 0.0231171055187 -0.0468240202727
4.36 0.0221996348717 -0.0449362630586
4.38 0.021319137517 -0.0431261327427
4.4 0.0204740939215 -0.0413903532614
4.42 0.0196630486311 -0.0397257916532
4.44 0.0188846074746 -0.0381294515179
4.46 0.0181374348953 -0.0365984667927
4.48 0.0174202514042 -0.0351300958284
4.5 0.0167318311481 -0.0337217157507
4.52 0.0160709995887 -0.032370817091
4.54 0.0154366312858 -0.0310749986746
4.56 0.0148276477804 -0.0298319627508
4.58 0.0142430155732 -0.0286395103546
4.6 0.0136817441934 -0.027495536888
4.62 0.0131428843536 -0.026398027908
4.64 0.0126255261875 -0.025345055114
4.66 0.0121287975652 -0.0243347725218
4.68 0.0116518624841 -0.0233654128162
4.7 0.0111939195301 -0.0224352838738
4.72 0.0107542004076 -0.0215427654467
4.74 0.0103319685336 -0.0206863059991
4.76 0.009926517694 -0.0198644196901
4.78 0.00953717075859 -0.0190756834953
4.8 0.00916327845255 -0.0183187344598
4.82 0.00880421818139 -0.0175922670772
4.84 0.00845939290719 -0.0168950307877
4.86 0.00812823007377 -0.01622582759
4.88 0.00781018057848 -0.0155835097615
4.9 0.00750471778854 -0.0149669776816
4.92 0.00721133659999 -0.0143751777528
4.94 0.00692955253718 -0.013807100416
4.96 0.00665890089115 -0.0132617782542
4.98 0.006398935895 -0.0127382841811
5 0.00614922993476 -0.012235729711
