0.1 5172.04681597 -82150.265776
0.12 3843.21385738 -53517.9323144
0.14 2952.70764151 -36916.8692535
0.16 2325.5452461 -26556.8139372
0.18 1867.17954531 -19725.3730059
0.2 1522.45744029 -15024.2807824
0.22 1257.24564705 -11677.6747533
0.24 1049.40118083 -9229.02729788
0.26 883.998711934 -7396.48987359
0.28 750.654716658 -5998.94289859
0.3 641.951923903 -4915.98942771
0.32 552.472360798 -4065.25316059
0.34 478.182428965 -3388.95655027
0.36 416.029621279 -2845.6971691
0.38 363.670840693 -2405.24858583
0.4 319.285018586 -2045.1809749
0.42 281.441172012 -1748.6097471
0.44 249.003783309 -1502.66236357
0.46 221.063836017 -1297.41352964
0.48 196.887820178 -1125.13255589
0.5 175.879535778 -979.742897439
0.52 157.551149551 -856.428496645
0.54 141.501033567 -751.343348964
0.56 127.396635506 -661.394720133
0.58 114.961123861 -584.07962032
0.6 103.962893985 -517.36025915
0.62 94.2072623559 -459.568351085
0.64 85.5298487459 -409.330991758
0.66 77.7912705791 -365.512813947
0.68 70.8728646953 -327.170535943
0.7 64.673218932 -293.517018512
0.72 59.1053459623 -263.892671551
0.74 54.0943694441 -237.742580679
0.76 49.5756210395 -214.598113771
0.78 45.4930686218 -194.062057184
0.8 41.7980127218 -175.796548499
0.82 38.4480012116 -159.513236507
0.84 35.4059223092 -144.965223802
0.86 32.6392438822 -131.940442777
0.88 30.1193732469 -120.256189284
0.9 27.8211165811 -109.754595215
0.92 25.7222209808 -100.298865581
0.94 23.8029853186 -91.7701404931
0.96 22.0459285689 -84.0648697444
0.98 20.4355062857 -77.0926093719
1 18.9578675549 -70.7741667499
1.02 17.6006460657 -65.0400344799
1.04 16.3527800313 -59.8290643258
1.06 15.2043565693 -55.0873412716
1.08 14.1464768786 -50.7672249066
1.1 13.1711391435 -46.8265311112
1.12 12.2711365926 -43.2278317064
1.14 11.4399685402 -39.9378535513
1.16 10.6717625831 -36.9269616974
1.18 9.961206402 -34.1687137722
1.2 9.30348785398 -31.6394748731
1.22 8.69424223807 -29.3180839871
1.24 8.12950578108 -27.1855643967
1.26 7.60567452932 -25.2248717168
1.28 7.1194679486 -23.4206742036
1.3 6.66789663381 -21.7591608006
1.32 6.24823361274 -20.2278730753
1.34 5.85798879987 -18.8155577812
1.36 5.49488621631 -17.5120372595
1.38 5.15684364333 -16.308095307
1.4 4.8419544211 -15.1953764786
1.42 4.54847114174 -14.1662970809
1.44 4.27479101824 -13.2139663647
1.46 4.01944273844 -12.3321166254
1.48 3.78107463732 -11.515041104
1.5 3.55844404127 -10.7575387282
1.52 3.35040765632 -10.0548648636
1.54 3.15591288717 -9.40268735525
1.56 2.97398998789 -8.79704723223
1.58 2.80374495642 -8.23432353237
1.6 2.64435309542 -7.71120177033
1.62 2.49505317086 -7.22464563449
1.64 2.35514210739 -6.77187154916
1.66 2.22397016654 -6.35032578339
1.68 2.10093655964 -5.95766382664
1.7 1.98548545262 -5.59173178498
1.72 1.87710232453 -5.25054958119
1.74 1.7753106456 -4.93229576707
1.76 1.67966884441 -4.63529377891
1.78 1.5897675367 -4.35799948633
1.8 1.50522699152 -4.09898990172
1.82 1.42569481242 -3.85695293233
1.84 1.35084381418 -3.63067807023
1.86 1.28037007711 -3.41904792694
1.88 1.21399116287 -3.22103052927
1.9 1.15144447746 -3.0356723024
1.92 1.09248576815 -2.86209167365
1.94 1.03688774273 -2.69947323749
1.96 0.984438800226 -2.54706242877
1.98 0.934941863449 -2.40416065622
2 0.888213304716 -2.27012085336
2.02 0.844081956637 -2.14434340841
2.04 0.802388200832 -2.02627243829
2.06 0.762983127979 -1.91539237563
2.08 0.725727763244 -1.8112248404
2.1 0.690492351628 -1.7133257709
2.12 0.65715569831 -1.62128279093
2.14 0.625604559453 -1.53471279241
2.16 0.595733079361 -1.4532597146
2.18 0.567442270231 -1.37659250288
2.2 0.540639531063 -1.30440323147
2.22 0.515238202597 -1.23640537627
2.24 0.491157155395 -1.17233222481
2.26 0.468320408455 -1.11193541192
2.28 0.446656775941 -1.0549835704
2.3 0.426099539828 -1.00126108716
2.32 0.406586146448 -0.950566956118
2.34 0.388057925077 -0.902713719769
2.36 0.370459826857 -0.857526492224
2.38 0.353740182511 -0.814842057062
2.4 0.337850477396 -0.774508033911
2.42 0.322745142582 -0.736382108214
2.44 0.308381360755 -0.70033131913
2.46 0.294718885807 -0.666231400899
2.48 0.281719875117 -0.633966173447
2.5 0.269348733541 -0.603426978332
2.52 0.257571968276 -0.574512156461
2.54 0.246358053766 -0.547126564316
2.56 0.235677305935 -0.521181125688
2.58 0.225501765047 -0.496592416166
2.6 0.21580508657 -0.473282277851
2.62 0.206562439467 -0.451177461976
2.64 0.197750411365 -0.430209297301
2.66 0.189346920128 -0.410313382321
2.68 0.18133113135 -0.391429299469
2.7 0.173683381367 -0.373500349677
2.72 0.166385105378 -0.356473305745
2.74 0.159418770334 -0.340298183127
2.76 0.152767812239 -0.324928026819
2.78 0.146416577565 -0.310318713173
2.8 0.140350268489 -0.296428765519
2.82 0.134554891694 -0.28321918259
2.84 0.129017210472 -0.2706532788
2.86 0.123724699922 -0.258696535523
2.88 0.118665505005 -0.247316462565
2.9 0.113828401285 -0.236482469087
2.92 0.10920275816 -0.226165743311
2.94 0.104778504414 -0.216339140366
2.96 0.100546095936 -0.206977077691
2.98 0.0964964854615 -0.198055437466
3 0.092621094201 -0.189551475564
3.02 0.0889117852216 -0.181443736564
3.04 0.0853608384783 -0.173711974401
3.06 0.0819609273756 -0.166337078251
3.08 0.0787050967627 -0.159301003292
3.1 0.0755867422684 -0.152586705997
3.12 0.0725995908863 -0.146178083643
3.14 0.0697376827309 -0.140059917754
3.16 0.0669953538876 -0.134217821191
3.18 0.0643672202864 -0.128638188653
3.2 0.0618481625336 -0.12330815035
3.22 0.0594333116399 -0.118215528631
3.24 0.0571180355883 -0.113348797369
3.26 0.0548979266881 -0.108697043919
3.28 0.0527687896659 -0.104249933461
3.3 0.0507266304463 -0.0999976755968
3.32 0.0487676455809 -0.0959309930181
3.34 0.0468882122823 -0.0920410921296
3.36 0.0450848790296 -0.0883196354888
3.38 0.0433543567057 -0.0847587159452
3.4 0.0416935102372 -0.0813508323653
3.42 0.0400993507044 -0.0780888668406
3.44 0.038569027893 -0.0749660632817
3.46 0.0370998232609 -0.0719760073084
3.48 0.035689143295 -0.0691126073512
3.5 0.0343345132343 -0.0663700768873
3.52 0.033033571138 -0.0637429177366
3.54 0.031784062277 -0.0612259043511
3.56 0.030583833831 -0.0588140690346
3.58 0.0294308298715 -0.0565026880318
3.6 0.0283230866156 -0.054287268434
3.62 0.0272587279333 -0.052163535849
3.64 0.026235961095 -0.0501274227864
3.66 0.0252530727432 -0.0481750577157
3.68 0.024308425078 -0.0463027547531
3.7 0.0234004522424 -0.0445070039401
3.72 0.0225276568959 -0.0427844620753
3.74 0.021688606967 -0.0411319440673
3.76 0.0208819325734 -0.0395464147759
3.78 0.0201063231004 -0.0380249813115
3.8 0.0193605244299 -0.0365648857658
3.82 0.0186433363093 -0.0351634983473
3.84 0.0179536098552 -0.0338183108971
3.86 0.0172902451824 -0.032526930762
3.88 0.016652189152 -0.031287075005
3.9 0.016038433233 -0.0300965649312
3.92 0.0154480114687 -0.0289533209114
3.94 0.0148799985458 -0.0278553574866
3.96 0.014333507957 -0.0268007787355
3.98 0.013807690255 -0.0257877738905
4 0.0133017313909 -0.0248146131878
4.02 0.0128148511341 -0.0238796439376
4.04 0.0123463015681 -0.0229812868022
4.06 0.0118953656594 -0.0221180322697
4.08 0.0114613558942 -0.0212884373126
4.1 0.0110436129812 -0.02049112222
4.12 0.0106415046151 -0.0197247675945
4.14 0.0102544242993 -0.0189881115042
4.16 0.00988179022406 -0.0182799467803
4.18 0.00952304419653 -0.0175991184538
4.2 0.00917765062181 -0.0169445213221
4.22 0.00884509553071 -0.016315097639
4.24 0.00852488565275 -0.015709834921
4.26 0.00821654753195 -0.0151277638644
4.28 0.00791962668319 -0.0145679563656
4.3 0.00763368678717 -0.0140295236402
4.32 0.00735830892207 -0.0135116144354
4.34 0.00709309083002 -0.0130134133305
4.36 0.00683764621681 -0.0125341391202
4.38 0.00659160408303 -0.0120730432779
4.4 0.00635460808527 -0.0116294084927
4.42 0.00612631592585 -0.0112025472777
4.44 0.00590639876966 -0.0107918006457
4.46 0.00569454068691 -0.0103965368477
4.48 0.00549043812047 -0.0100161501722
4.5 0.00529379937661 -0.00965005980172
4.52 0.00510434413818 -0.00929770872293
4.54 0.0049218029989 -0.00895856268882
4.56 0.00474591701809 -0.00863210922918
4.58 0.00457643729458 -0.0083178567076
4.6 0.00441312455912 -0.00801533342232
4.62 0.00425574878433 -0.00772408674879
4.64 0.0041040888114 -0.00744368232184
4.66 0.00395793199277 -0.00717370325558
4.68 0.00381707385001 -0.00691374939892
4.7 0.00368131774633 -0.00666343662519
4.72 0.00355047457292 -0.00642239615399
4.74 0.0034243624485 -0.00619027390383
4.76 0.00330280643163 -0.00596672987389
4.78 0.00318563824501 -0.00575143755371
4.8 0.00307269601139 -0.00554408335916
4.82 0.00296382400042 -0.0053443660937
4.84 0.00285887238614 -0.00515199643356
4.86 0.00275769701442 -0.00496669643565
4.88 0.00266015918017 -0.00478819906732
4.9 0.00256612541358 -0.00461624775667
4.92 0.00247546727526 -0.00445059596269
4.94 0.00238806115982 -0.00429100676407
4.96 0.00230378810733 -0.00413725246596
4.98 0.00222253362269 -0.00398911422378
5 0.00214418750218 -0.00384638168331
