0.00100000     85959.648476 -43199400.000000
0.00200000     42760.291982 -28799211.803500
0.00300000     28361.224869 -10799579.803500
0.00400000     21161.132375 -5760182.432000
0.00500000     16840.860005 -3600335.116000
0.00600000     13960.462143 -2468693.533500
0.00700000     11903.472938 -1799437.015500
0.00800000     10361.588112 -1370158.243000
0.00900000      9163.156452 -1078706.440000
0.01000000      8204.175232  -871697.161500
0.01100000      7419.762129  -719019.465000
0.01200000      6766.136302  -603288.087500
0.01300000      6213.185954  -513434.752000
0.01400000      5739.266798  -442364.760000
0.01500000      5328.456434  -385103.069500
0.01600000      4969.060659  -338143.956500
0.01700000      4652.168521  -299173.824000
0.01800000      4370.713011  -266540.397000
0.01900000      4119.087727  -238945.788000
0.02000000      3892.821435  -220579.792288
0.04000000      1755.825474   -70820.123050
0.06000000      1060.016513   -25715.870600
0.08000000       727.190650   -13087.225525
0.10000000       536.527492    -7822.995250
0.12000000       414.270840    -5154.957250
0.14000000       330.329202    -3615.527175
0.16000000       269.649753    -2658.940750
0.18000000       223.971572    -2030.780975
0.20000000       188.418514    -1598.841825
0.22000000       160.017899    -1290.009350
0.24000000       136.818140    -1061.074100
0.26000000       117.574935     -885.822225
0.28000000       101.385251     -748.442100
0.30000000        87.637251     -638.005825
0.32000000        75.865018     -547.934125
0.34000000        65.719886     -473.250175
0.36000000        56.935011     -410.667650
0.38000000        49.293180     -357.677200
0.40000000        42.627923     -312.409625
0.42000000        36.796795     -273.590725
0.44000000        31.684294     -240.010900
0.46000000        27.196359     -210.972875
0.48000000        23.245379     -185.798200
0.50000000        19.764431     -163.808600
0.52000000        16.693035     -144.575575
0.54000000        13.981408     -127.706350
0.56000000        11.584781     -112.948175
0.58000000         9.463481     -100.000800
0.60000000         7.584749      -88.551325
0.62000000         5.921428      -78.411800
0.64000000         4.448277      -69.458450
0.66000000         3.143090      -61.513350
0.68000000         1.987743      -54.451350
0.70000000         0.965036      -48.064025
0.72000000         0.065182      -42.637875
0.74000000        -0.740479      -37.803225
0.76000000        -1.446947      -33.231725
0.78000000        -2.069748      -29.253750
0.80000000        -2.617097      -25.684900
0.82000000        -3.097144      -22.511300
0.84000000        -3.517549      -19.700025
0.86000000        -3.885145      -17.182575
0.88000000        -4.204852      -14.907975
0.90000000        -4.481464      -12.857100
0.92000000        -4.719136      -11.035975
0.94000000        -4.922903       -9.402025
0.96000000        -5.095217       -7.924650
0.98000000        -5.239889       -6.604075
1.00000000        -5.359380       -5.491835
1.10000000        -5.667206       -1.438010
1.20000000        -5.646982        1.121055
1.30000000        -5.442995        2.533595
1.40000000        -5.140263        3.262240
1.50000000        -4.790547        3.583975
1.60000000        -4.423468        3.670070
1.70000000        -4.056533        3.612160
1.80000000        -3.701036        3.469735
1.90000000        -3.362586        3.282120
2.00000000        -3.044612        3.070370
2.10000000        -2.748512        2.849655
2.20000000        -2.474681        2.760760
2.30000000        -2.196360        2.766410
2.40000000        -1.921399        2.591790
2.50000000        -1.678002        2.293060
2.60000000        -1.462787        2.024895
2.70000000        -1.273023        1.783570
2.80000000        -1.106073        1.568425
2.90000000        -0.959338        1.605065
3.00000000        -0.785060        1.711680
3.10000000        -0.617002        1.498970
3.20000000        -0.485266        1.174755
3.30000000        -0.382051        0.920545
3.40000000        -0.301157        0.721265
3.50000000        -0.237798        0.564925
3.60000000        -0.188172        0.442580
3.70000000        -0.149282        0.347055
3.80000000        -0.118761        0.272320
3.90000000        -0.094818        0.213605
4.00000000        -0.076040        0.176449
5.00000000        -0.012904        0.035071
6.00000000        -0.005897        0.004259
7.00000000        -0.004386        0.001126
8.00000000        -0.003644        0.000616
9.00000000        -0.003154        0.000429
10.00000000        -0.002786        0.000364
100.00000000        -0.000220        0.000026
1000.00000000         0.000000        0.000026
