0.1 2808.44336857 -42377.2285852
0.12 2119.37286863 -27916.1120543
0.14 1652.52468348 -19462.8567024
0.16 1320.23448379 -14148.5458516
0.18 1074.80983752 -10620.1674701
0.2 888.265639198 -8175.80068792
0.22 743.195644129 -6423.82175115
0.24 628.25872363 -5132.75891328
0.26 535.779485931 -4159.20441219
0.28 460.396522575 -3410.74958253
0.3 398.26346174 -2825.82858347
0.32 346.557279354 -2362.23068236
0.34 303.165032268 -1990.28581701
0.36 266.478165477 -1688.67982574
0.38 235.253833654 -1441.80526662
0.4 208.519190038 -1238.03855341
0.42 185.503939543 -1068.59220775
0.44 165.59191606 -926.733508389
0.46 148.285732297 -807.242061249
0.48 133.18058222 -706.02649125
0.5 119.944561425 -619.849171801
0.52 108.303701518 -546.125613277
0.54 98.0304622371 -482.776286774
0.56 88.9347927247 -428.115827446
0.58 80.8571242759 -380.769252831
0.6 73.6628309327 -339.607954037
0.62 67.2378166498 -303.700329177
0.64 61.4849749987 -272.273377284
0.66 56.3213303371 -244.682579024
0.68 51.6757153289 -220.388100833
0.7 47.4868736284 -198.935865786
0.72 43.7019018198 -179.942399928
0.74 40.2749637309 -163.082629193
0.76 37.1662246769 -148.079998172
0.78 34.3409642361 -134.698427677
0.8 31.7688346763 -122.735737326
0.82 29.4232387652 -112.01824187
0.84 27.2808058629 -102.396292866
0.86 25.3209492647 -93.740585491
0.88 23.5254909717 -85.9390875453
0.9 21.8783426325 -78.8944765924
0.92 20.3652334371 -72.5219938298
0.94 18.9734773934 -66.7476410575
0.96 17.6917737386 -61.5066611733
0.98 16.5100353183 -56.7422537957
1 15.4192406363 -52.4044865298
1.02 14.4113059975 -48.4493695469
1.04 13.4789747519 -44.8380669059
1.06 12.6157211302 -41.5362227034
1.08 11.815666563 -38.5133839232
1.1 11.0735067022 -35.7425049355
1.12 10.3844476438 -33.1995211187
1.14 9.74415007419 -30.8629811432
1.16 9.14868025944 -28.7137291618
1.18 8.5944669536 -26.7346295534
1.2 8.07826343901 -24.9103280361
1.22 7.59711402495 -23.2270439285
1.24 7.14832442687 -21.6723891456
1.26 6.72943553014 -20.2352101897
1.28 6.33820011081 -18.9054499566
1.3 5.97256214513 -17.6740266525
1.32 5.630638389 -16.532727514
1.34 5.31070195182 -15.4741153574
1.36 5.01116762528 -14.4914462689
1.38 4.73057875918 -13.5785969841
1.4 4.46759550336 -12.7300007126
1.42 4.22098425777 -11.9405903318
1.44 3.98960819271 -11.2057480251
1.46 3.77241871876 -10.5212605629
1.48 3.5684478004 -9.88327953456
1.5 3.37680102065 -9.28828592876
1.52 3.19665131496 -8.73305854091
1.54 3.02723330257 -8.21464575347
1.56 2.86783815185 -7.73034029286
1.58 2.71780892366 -7.27765661781
1.6 2.57653634318 -6.8543106372
1.62 2.4434549563 -6.45820149277
1.64 2.31803963172 -6.0873951754
1.66 2.19980237401 -5.74010977112
1.68 2.08828941707 -5.41470215824
1.7 1.9830785704 -5.10965599801
1.72 1.88377679376 -4.82357087996
1.74 1.79001797853 -4.55515249935
1.76 1.70146091598 -4.30320375835
1.78 1.61778743517 -4.06661669498
1.8 1.5387006947 -3.84436515482
1.82 1.46392361421 -3.63549812988
1.84 1.393197433 -3.43913369764
1.86 1.3262803844 -3.25445350055
1.88 1.26294647556 -3.08069771267
1.9 1.20298436346 -2.91716044616
1.92 1.14619631874 -2.76318555509
1.94 1.09239726978 -2.61816279872
1.96 1.04141392024 -2.48152433033
1.98 0.993083933813 -2.35274148108
2 0.947255180572 -2.2313218117
2.02 0.903785039804 -2.11680640742
2.04 0.862539754721 -2.00876739408
2.06 0.823393834795 -1.9068056555
2.08 0.786229501876 -1.81054873436
2.1 0.750936176603 -1.71964890019
2.12 0.717410001906 -1.63378137006
2.14 0.685553400672 -1.55264266868
2.16 0.655274664921 -1.47594911596
2.18 0.626487574047 -1.40343543123
2.2 0.599111039888 -1.33485344428
2.22 0.573068776587 -1.26997090427
2.24 0.548288993354 -1.20857037845
2.26 0.524704108432 -1.15044823337
2.28 0.502250482658 -1.09541369167
2.3 0.480868171189 -1.04328795863
2.32 0.460500692047 -0.993903412606
2.34 0.441094810258 -0.947102854536
2.36 0.422600336448 -0.902738811622
2.38 0.404969938861 -0.860672891132
2.4 0.388158967831 -0.820775180317
2.42 0.372125291829 -0.782923688944
2.44 0.356829144254 -0.747003831143
2.46 0.34223298022 -0.712907943611
2.48 0.328301342646 -0.680534837406
2.5 0.315000736985 -0.64978938082
2.52 0.302299514013 -0.620582111011
2.54 0.290167760108 -0.592828872273
2.56 0.27857719452 -0.566450478969
2.58 0.267501073147 -0.541372401345
2.6 0.256914098382 -0.517524472538
2.62 0.24679233462 -0.494840615273
2.64 0.237113129045 -0.473258586809
2.66 0.227855037347 -0.452719740856
2.68 0.218997754045 -0.433168805237
2.7 0.210522047101 -0.414553674198
2.72 0.202409696556 -0.396825214333
2.74 0.194643436918 -0.379937083167
2.76 0.187206903059 -0.363845559531
2.78 0.180084579391 -0.348509384895
2.8 0.173261752116 -0.33388961493
2.82 0.166724464344 -0.319949480573
2.84 0.160459473908 -0.306654257966
2.86 0.154454213685 -0.293971146662
2.88 0.148696754285 -0.28186915554
2.9 0.143175768943 -0.270318995908
2.92 0.137880500484 -0.25929298132
2.94 0.132800730226 -0.248764933658
2.96 0.127926748707 -0.238710095064
2.98 0.123249328111 -0.229105045327
3 0.118759696299 -0.219927624388
3.02 0.114449512343 -0.211156859607
3.04 0.110310843465 -0.202772897491
3.06 0.106336143303 -0.194756939592
3.08 0.102518231419 -0.187091182314
3.1 0.0988502739717 -0.179758760357
3.12 0.0953257654889 -0.172743693591
3.14 0.0919385116679 -0.166030837116
3.16 0.088682613145 -0.159605834325
3.18 0.085552450176 -0.15345507277
3.2 0.082542668172 -0.147565642653
3.22 0.0796481640409 -0.141925297779
3.24 0.0768640732863 -0.136522418827
3.26 0.0741857578195 -0.131345978771
3.28 0.0716087944422 -0.126385510338
3.3 0.0691289639607 -0.121631075372
3.32 0.0667422408952 -0.117073235977
3.34 0.0644447837492 -0.112703027344
3.36 0.062232925806 -0.108511932142
3.38 0.0601031664228 -0.104491856394
3.4 0.0580521627938 -0.100635106735
3.42 0.0560767221538 -0.0969343689782
3.44 0.054173794399 -0.093382687897
3.46 0.0523404651005 -0.0899734481646
3.48 0.0505739488873 -0.0867003563709
3.5 0.04887158318 -0.0835574240556
3.52 0.0472308222528 -0.0805389516982
3.54 0.0456492316079 -0.0776395136046
3.56 0.0441244826424 -0.074853943641
3.58 0.0426543475936 -0.0721773217612
3.6 0.0412366947452 -0.0696049612833
3.62 0.0398694838818 -0.0671323968704
3.64 0.0385507619765 -0.0647553731745
3.66 0.0372786590993 -0.0624698341042
3.68 0.0360513845346 -0.0602719126811
3.7 0.0348672230953 -0.0581579214498
3.72 0.0337245316246 -0.0561243434095
3.74 0.0326217356726 -0.0541678234373
3.76 0.0315573263415 -0.0522851601756
3.78 0.0305298572869 -0.0504732983555
3.8 0.0295379418699 -0.0487293215324
3.82 0.0285802504501 -0.0470504452108
3.84 0.0276555078117 -0.0454340103343
3.86 0.0267624907175 -0.0438774771218
3.88 0.025900025582 -0.0423784192306
3.9 0.0250669862585 -0.0409345182258
3.92 0.0242622919338 -0.0395435583418
3.94 0.0234849051251 -0.0382034215168
3.96 0.0227338297729 -0.0369120826873
3.98 0.0220081094265 -0.0356676053269
4 0.021306825516 -0.034468137216
4.02 0.020629095706 -0.0333119064302
4.04 0.019974072329 -0.0321972175347
4.06 0.0193409408912 -0.031122447974
4.08 0.0187289186499 -0.0300860446457
4.1 0.0181372532572 -0.0290865206488
4.12 0.017565221467 -0.0281224521969
4.14 0.0170121279024 -0.0271924756869
4.16 0.0164773038801 -0.0262952849155
4.18 0.0159601062888 -0.0254296284354
4.2 0.0154599165198 -0.0245943070433
4.22 0.014976139446 -0.0237881713928
4.24 0.0145082024477 -0.0230101197263
4.26 0.0140555544822 -0.0222590957179
4.28 0.0136176651967 -0.0215340864234
4.3 0.0131940240794 -0.0208341203305
4.32 0.0127841396501 -0.0201582655041
4.34 0.0123875386863 -0.0195056278218
4.36 0.0120037654839 -0.0188753492952
4.38 0.0116323811505 -0.0182666064722
4.4 0.0112729629302 -0.0176786089163
4.42 0.0109251035579 -0.017110597758
4.44 0.0105884106415 -0.0165618443167
4.46 0.010262506072 -0.0160316487868
4.48 0.00994702545775 -0.0155193389872
4.5 0.00964161758489 -0.0150242691687
4.52 0.00934594389952 -0.0145458188788
4.54 0.00905967801296 -0.0140833918781
4.56 0.00878250522778 -0.0136364151088
4.58 0.00851412208419 -0.01320433771
4.6 0.00825423592545 -0.0127866300792
4.62 0.00800256448183 -0.0123827829766
4.64 0.00775883547189 -0.0119923066713
4.66 0.00752278622056 -0.0116147301258
4.68 0.0072941632931 -0.0112496002178
4.7 0.00707272214425 -0.010896480998
4.72 0.006858226782 -0.0105549529805
4.74 0.00665044944505 -0.0102246124657
4.76 0.00644917029365 -0.0099050708939
4.78 0.00625417711302 -0.0095959542268
4.8 0.00606526502889 -0.00929690235759
4.82 0.00588223623451 -0.00900756854658
4.84 0.00570489972879 -0.00872761888193
4.86 0.00553307106488 -0.00845673176412
4.88 0.00536657210897 -0.00819459741303
4.9 0.00520523080855 -0.00794091739646
4.92 0.0050488809701 -0.00769540417927
4.94 0.00489736204542 -0.00745778069191
4.96 0.00475051892648 -0.00722777991773
4.98 0.00460820174841 -0.00700514449789
5 0.00447026570005 -0.00678962635324
