0.00100000   6312251.712017 -3195590000.000000
0.00200000   3116664.543847 -2130413499.277000
0.00300000   2051424.713463 -798386064.561500
0.00400000   1519892.414724 -424975560.643500
0.00500000   1201473.592176 -265161599.911500
0.00600000    989569.214901 -181414547.624500
0.00700000    838644.496927 -131887903.970500
0.00800000    725793.406960 -100182392.899501
0.00900000    638279.711128 -78666277.066500
0.01000000    568460.852827 -63425112.082500
0.01100000    511429.486963 -52234455.161000
0.01200000    463991.942505 -43725185.723500
0.01300000    423979.115516 -37121988.297500
0.01400000    389747.965910 -31917352.251500
0.01500000    360144.411013 -27726778.836001
0.01600000    334294.408238 -24293869.264000
0.01700000    311556.672485 -21461082.648000
0.01800000    291372.242942 -19118078.506000
0.01900000    273320.515473 -17119930.198000
0.02000000    257132.382546 -15772593.064943
0.04000000    107896.466070 -4891545.010100
0.06000000     61470.582142 -1701680.802775
0.08000000     39829.233959  -841020.954300
0.10000000     27829.743970  -485974.146175
0.12000000     20390.268112  -311345.861150
0.14000000     15375.909524  -213624.153700
0.16000000     11845.301964  -151716.622125
0.18000000      9307.244639  -109843.529300
0.20000000      7451.560792   -81029.121100
0.22000000      6066.079795   -61079.455650
0.24000000      5008.382566   -47073.811925
0.26000000      4183.127318   -37087.058425
0.28000000      3524.900229   -29861.976050
0.30000000      2988.648276   -24505.782675
0.32000000      2544.668922   -20381.043275
0.34000000      2173.406545   -17070.253700
0.36000000      1861.858774   -14325.829225
0.38000000      1600.373376   -12025.348075
0.40000000      1380.844851   -10100.326725
0.42000000      1196.360307    -8495.798650
0.44000000      1041.012905    -7165.920100
0.46000000       909.723503    -6069.181675
0.48000000       798.245638    -5165.757625
0.50000000       703.093198    -4421.469525
0.52000000       621.386857    -3808.285400
0.54000000       550.761782    -3301.956775
0.56000000       489.308586    -2881.726900
0.58000000       435.492706    -2530.536100
0.60000000       388.087142    -2234.137800
0.62000000       346.127194    -1980.902550
0.64000000       308.851040    -1761.785850
0.66000000       275.655760    -1567.822750
0.68000000       246.138130    -1393.281300
0.70000000       219.924508    -1242.790425
0.72000000       196.426513    -1114.519250
0.74000000       175.343738    -1000.467050
0.76000000       156.407831     -898.797025
0.78000000       139.391857     -806.245850
0.80000000       124.157997     -722.549100
0.82000000       110.489893     -648.891100
0.84000000        98.202353     -583.204650
0.86000000        87.161707     -524.172100
0.88000000        77.235469     -471.409400
0.90000000        68.305331     -424.194450
0.92000000        60.267691     -381.856100
0.94000000        53.031087     -343.774275
0.96000000        46.516720     -309.564400
0.98000000        40.648511     -278.995450
1.00000000        35.356902     -253.211875
1.10000000        15.720002     -156.281430
1.20000000         4.100616      -91.827320
1.30000000        -2.645462      -53.142565
1.40000000        -6.527897      -27.959260
1.50000000        -8.237314       -8.336005
1.60000000        -8.195098        2.637820
1.70000000        -7.709750        5.812475
1.80000000        -7.032603        7.312285
1.90000000        -6.247293        8.495495
2.00000000        -5.333504        8.508610
2.10000000        -4.545571        7.299155
2.20000000        -3.873673        6.240745
2.30000000        -3.297422        5.341940
2.40000000        -2.805285        4.557920
2.50000000        -2.385838        3.897025
2.60000000        -2.025880        3.339205
2.70000000        -1.717997        2.849970
2.80000000        -1.455886        2.426155
2.90000000        -1.232766        2.068965
3.00000000        -1.042093        1.762005
3.10000000        -0.880365        1.491170
3.20000000        -0.743859        1.256500
3.30000000        -0.629065        1.058935
3.40000000        -0.532072        0.895135
3.50000000        -0.450038        0.754585
3.60000000        -0.381155        0.632095
3.70000000        -0.323619        0.527710
3.80000000        -0.275613        0.440660
3.90000000        -0.235487        0.369585
4.00000000        -0.201696        0.320631
5.00000000        -0.053851        0.088917
6.00000000        -0.023861        0.018931
7.00000000        -0.015989        0.005613
8.00000000        -0.012634        0.002658
9.00000000        -0.010672        0.001677
10.00000000        -0.009279        0.001379
100.00000000        -0.000680        0.000087
1000.00000000         0.000000        0.000087
