//Comment
  14.45524
1.0000000000  0.0000000000  0.0000000000    pbc
0.0000000000  1.0000000000  0.0000000000    pbc
0.0000000000  0.0000000000  1.7868537638    pbc
Scaled
144
Y     0.0000000000    0.0000000000    0.0000000000 1
Y     0.8750000000    0.2165063509    0.0000000000 2
Y     0.7500000000    0.4330127019    0.0000000000 3
Y     0.6250000000    0.6495190528    0.0000000000 4
Y     0.2500000000    0.0000000000    0.0000000000 5
Y     0.1250000000    0.2165063509    0.0000000000 6
Y     0.0000000000    0.4330127019    0.0000000000 7
Y     0.8750000000    0.6495190528    0.0000000000 8
Y     0.5000000000    0.0000000000    0.0000000000 9
Y     0.3750000000    0.2165063509    0.0000000000 10
Y     0.2500000000    0.4330127019    0.0000000000 11
Y     0.1250000000    0.6495190528    0.0000000000 12
Y     0.7500000000    0.0000000000    0.0000000000 13
Y     0.6250000000    0.2165063509    0.0000000000 14
Y     0.5000000000    0.4330127019    0.0000000000 15
Y     0.3750000000    0.6495190528    0.0000000000 16
Y     0.0000000000    0.0000000000    0.3964135075 17
Y     0.8750000000    0.2165063509    0.3964135075 18
Y     0.7500000000    0.4330127019    0.3964135075 19
Y     0.6250000000    0.6495190528    0.3964135075 20
Y     0.2500000000    0.0000000000    0.3964135075 21
Y     0.1250000000    0.2165063509    0.3964135075 22
Y     0.0000000000    0.4330127019    0.3964135075 23
Y     0.8750000000    0.6495190528    0.3964135075 24
Y     0.5000000000    0.0000000000    0.3964135075 25
Y     0.3750000000    0.2165063509    0.3964135075 26
Y     0.2500000000    0.4330127019    0.3964135075 27
Y     0.1250000000    0.6495190528    0.3964135075 28
Y     0.7500000000    0.0000000000    0.3964135075 29
Y     0.6250000000    0.2165063509    0.3964135075 30
Y     0.5000000000    0.4330127019    0.3964135075 31
Y     0.3750000000    0.6495190528    0.3964135075 32
Y     0.0000000000    0.0000000000    1.3904402563 33
Y     0.8750000000    0.2165063509    1.3904402563 34
Y     0.7500000000    0.4330127019    1.3904402563 35
Y     0.6250000000    0.6495190528    1.3904402563 36
Y     0.2500000000    0.0000000000    1.3904402563 37
Y     0.1250000000    0.2165063509    1.3904402563 38
Y     0.0000000000    0.4330127019    1.3904402563 39
Y     0.8750000000    0.6495190528    1.3904402563 40
Y     0.5000000000    0.0000000000    1.3904402563 41
Y     0.3750000000    0.2165063509    1.3904402563 42
Y     0.2500000000    0.4330127019    1.3904402563 43
Y     0.1250000000    0.6495190528    1.3904402563 44
Y     0.7500000000    0.0000000000    1.3904402563 45
Y     0.6250000000    0.2165063509    1.3904402563 46
Y     0.5000000000    0.4330127019    1.3904402563 47
Y     0.3750000000    0.6495190528    1.3904402563 48
Y    -0.0000000000    0.1443375673    0.7948223350 49
Y     0.8750000000    0.3608439183    0.7948223350 50
Y     0.7500000000    0.5773502692    0.7948223350 51
Y     0.6250000000    0.7938566202    0.7948223350 52
Y     0.2500000000    0.1443375673    0.7948223350 53
Y     0.1250000000    0.3608439183    0.7948223350 54
Y    -0.0000000000    0.5773502692    0.7948223350 55
Y     0.8750000000    0.7938566202    0.7948223350 56
Y     0.5000000000    0.1443375673    0.7948223350 57
Y     0.3750000000    0.3608439183    0.7948223350 58
Y     0.2500000000    0.5773502692    0.7948223350 59
Y     0.1250000000    0.7938566202    0.7948223350 60
Y     0.7500000000    0.1443375673    0.7948223350 61
Y     0.6250000000    0.3608439183    0.7948223350 62
Y     0.5000000000    0.5773502692    0.7948223350 63
Y     0.3750000000    0.7938566202    0.7948223350 64
Y    -0.0000000000    0.1443375673    1.1912358425 65
Y     0.8750000000    0.3608439183    1.1912358425 66
Y     0.7500000000    0.5773502692    1.1912358425 67
Y     0.6250000000    0.7938566202    1.1912358425 68
Y     0.2500000000    0.1443375673    1.1912358425 69
Y     0.1250000000    0.3608439183    1.1912358425 70
Y    -0.0000000000    0.5773502692    1.1912358425 71
Y     0.8750000000    0.7938566202    1.1912358425 72
Y     0.5000000000    0.1443375673    1.1912358425 73
Y     0.3750000000    0.3608439183    1.1912358425 74
Y     0.2500000000    0.5773502692    1.1912358425 75
Y     0.1250000000    0.7938566202    1.1912358425 76
Y     0.7500000000    0.1443375673    1.1912358425 77
Y     0.6250000000    0.3608439183    1.1912358425 78
Y     0.5000000000    0.5773502692    1.1912358425 79
Y     0.3750000000    0.7938566202    1.1912358425 80
Y    -0.0000000000    0.1443375673    1.5876493500 81
Y     0.8750000000    0.3608439183    1.5876493500 82
Y     0.7500000000    0.5773502692    1.5876493500 83
Y     0.6250000000    0.7938566202    1.5876493500 84
Y     0.2500000000    0.1443375673    1.5876493500 85
Y     0.1250000000    0.3608439183    1.5876493500 86
Y    -0.0000000000    0.5773502692    1.5876493500 87
Y     0.8750000000    0.7938566202    1.5876493500 88
Y     0.5000000000    0.1443375673    1.5876493500 89
Y     0.3750000000    0.3608439183    1.5876493500 90
Y     0.2500000000    0.5773502692    1.5876493500 91
Y     0.1250000000    0.7938566202    1.5876493500 92
Y     0.7500000000    0.1443375673    1.5876493500 93
Y     0.6250000000    0.3608439183    1.5876493500 94
Y     0.5000000000    0.5773502692    1.5876493500 95
Y     0.3750000000    0.7938566202    1.5876493500 96
Y     0.1250000000    0.0721687836    0.1992044137 97
Y     0.0000000000    0.2886751346    0.1992044137 98
Y     0.8750000000    0.5051814855    0.1992044137 99
Y     0.7500000000    0.7216878364    0.1992044137 100
Y     0.3750000000    0.0721687836    0.1992044137 101
Y     0.2500000000    0.2886751346    0.1992044137 102
Y     0.1250000000    0.5051814855    0.1992044137 103
Y     0.0000000000    0.7216878364    0.1992044137 104
Y     0.6250000000    0.0721687836    0.1992044137 105
Y     0.5000000000    0.2886751346    0.1992044137 106
Y     0.3750000000    0.5051814855    0.1992044137 107
Y     0.2500000000    0.7216878364    0.1992044137 108
Y     0.8750000000    0.0721687836    0.1992044137 109
Y     0.7500000000    0.2886751346    0.1992044137 110
Y     0.6250000000    0.5051814855    0.1992044137 111
Y     0.5000000000    0.7216878364    0.1992044137 112
Y     0.1250000000    0.0721687836    0.5956179212 113
Y     0.0000000000    0.2886751346    0.5956179212 114
Y     0.8750000000    0.5051814855    0.5956179212 115
Y     0.7500000000    0.7216878364    0.5956179212 116
Y     0.3750000000    0.0721687836    0.5956179212 117
Y     0.2500000000    0.2886751346    0.5956179212 118
Y     0.1250000000    0.5051814855    0.5956179212 119
Y     0.0000000000    0.7216878364    0.5956179212 120
Y     0.6250000000    0.0721687836    0.5956179212 121
Y     0.5000000000    0.2886751346    0.5956179212 122
Y     0.3750000000    0.5051814855    0.5956179212 123
Y     0.2500000000    0.7216878364    0.5956179212 124
Y     0.8750000000    0.0721687836    0.5956179212 125
Y     0.7500000000    0.2886751346    0.5956179212 126
Y     0.6250000000    0.5051814855    0.5956179212 127
Y     0.5000000000    0.7216878364    0.5956179212 128
Y     0.1250000000    0.0721687836    0.9920314287 129
Y     0.0000000000    0.2886751346    0.9920314287 130
Y     0.8750000000    0.5051814855    0.9920314287 131
Y     0.7500000000    0.7216878364    0.9920314287 132
Y     0.3750000000    0.0721687836    0.9920314287 133
Y     0.2500000000    0.2886751346    0.9920314287 134
Y     0.1250000000    0.5051814855    0.9920314287 135
Y     0.0000000000    0.7216878364    0.9920314287 136
Y     0.6250000000    0.0721687836    0.9920314287 137
Y     0.5000000000    0.2886751346    0.9920314287 138
Y     0.3750000000    0.5051814855    0.9920314287 139
Y     0.2500000000    0.7216878364    0.9920314287 140
Y     0.8750000000    0.0721687836    0.9920314287 141
Y     0.7500000000    0.2886751346    0.9920314287 142
Y     0.6250000000    0.5051814855    0.9920314287 143
Y     0.5000000000    0.7216878364    0.9920314287 144
