81
Frame number 0  0.0 fs boxsize              10.84143              10.84143               25.8294
Y                     0                     0                     0           1   1
Y             -1.806905           3.129651264                     0           1   1
Y              -3.61381           6.259302529                     0           1   1
Y               3.61381                     0                     0           1   1
Y              1.806905           3.129651264                     0           1   1
Y                     0           6.259302529                     0           1   1
Y               7.22762                     0                     0           1   1
Y              5.420715           3.129651264                     0           1   1
Y               3.61381           6.259302529                     0           1   1
Y       3.508767624e-16       6.077363796e-16            5.73025239           1   2
Y             -1.806905           3.129651264            5.73025239           1   2
Y              -3.61381           6.259302529            5.73025239           1   2
Y               3.61381       6.077363796e-16            5.73025239           1   2
Y              1.806905           3.129651264            5.73025239           1   2
Y       3.508767624e-16           6.259302529            5.73025239           1   2
Y               7.22762       6.077363796e-16            5.73025239           1   2
Y              5.420715           3.129651264            5.73025239           1   2
Y               3.61381           6.259302529            5.73025239           1   2
Y       1.230717839e-15       2.131665827e-15           20.09914761           1   3
Y             -1.806905           3.129651264           20.09914761           1   3
Y              -3.61381           6.259302529           20.09914761           1   3
Y               3.61381       2.131665827e-15           20.09914761           1   3
Y              1.806905           3.129651264           20.09914761           1   3
Y       1.230717839e-15           6.259302529           20.09914761           1   3
Y               7.22762       2.131665827e-15           20.09914761           1   3
Y              5.420715           3.129651264           20.09914761           1   3
Y               3.61381           6.259302529           20.09914761           1   3
Y      -1.806898701e-10           2.086434176           11.48934761           1   4
Y             -1.806905           5.216085441           11.48934761           1   4
Y              -3.61381           8.345736705           11.48934761           1   4
Y               3.61381           2.086434176           11.48934761           1   4
Y              1.806905           5.216085441           11.48934761           1   4
Y      -1.806898701e-10           8.345736705           11.48934761           1   4
Y               7.22762           2.086434176           11.48934761           1   4
Y              5.420715           5.216085441           11.48934761           1   4
Y               3.61381           8.345736705           11.48934761           1   4
Y      -1.806895192e-10           2.086434176               17.2196           1   5
Y             -1.806905           5.216085441               17.2196           1   5
Y              -3.61381           8.345736705               17.2196           1   5
Y               3.61381           2.086434176               17.2196           1   5
Y              1.806905           5.216085441               17.2196           1   5
Y      -1.806895192e-10           8.345736705               17.2196           1   5
Y               7.22762           2.086434176               17.2196           1   5
Y              5.420715           5.216085441               17.2196           1   5
Y               3.61381           8.345736705               17.2196           1   5
Y      -1.806891683e-10           2.086434176           22.94985239           1   6
Y             -1.806905           5.216085441           22.94985239           1   6
Y              -3.61381           8.345736705           22.94985239           1   6
Y               3.61381           2.086434176           22.94985239           1   6
Y              1.806905           5.216085441           22.94985239           1   6
Y      -1.806891683e-10           8.345736705           22.94985239           1   6
Y               7.22762           2.086434176           22.94985239           1   6
Y              5.420715           5.216085441           22.94985239           1   6
Y               3.61381           8.345736705           22.94985239           1   6
Y              1.806905           1.043217088           2.879547609           1   7
Y       1.806907957e-10           4.172868352           2.879547609           1   7
Y             -1.806905           7.302519617           2.879547609           1   7
Y              5.420715           1.043217088           2.879547609           1   7
Y               3.61381           4.172868352           2.879547609           1   7
Y              1.806905           7.302519617           2.879547609           1   7
Y              9.034525           1.043217088           2.879547609           1   7
Y               7.22762           4.172868352           2.879547609           1   7
Y              5.420715           7.302519617           2.879547609           1   7
Y              1.806905           1.043217088           8.609799999           1   8
Y       1.806910177e-10           4.172868352           8.609799999           1   8
Y             -1.806905           7.302519617           8.609799999           1   8
Y              5.420715           1.043217088           8.609799999           1   8
Y               3.61381           4.172868352           8.609799999           1   8
Y              1.806905           7.302519617           8.609799999           1   8
Y              9.034525           1.043217088           8.609799999           1   8
Y               7.22762           4.172868352           8.609799999           1   8
Y              5.420715           7.302519617           8.609799999           1   8
Y              1.806905           1.043217088           14.34005239           1   9
Y       1.806914618e-10           4.172868352           14.34005239           1   9
Y             -1.806905           7.302519617           14.34005239           1   9
Y              5.420715           1.043217088           14.34005239           1   9
Y               3.61381           4.172868352           14.34005239           1   9
Y              1.806905           7.302519617           14.34005239           1   9
Y              9.034525           1.043217088           14.34005239           1   9
Y               7.22762           4.172868352           14.34005239           1   9
Y              5.420715           7.302519617           14.34005239           1   9
