48
Frame number 0  0.0 fs boxsize           35.43599607           35.43599607           8.858999018
Y -16.81454554 -3.129651264 -4.3049 1 1
Y -16.81454554 -3.129651264 -1.923750423 1 2
Y -16.81454554 -3.129651264 1.42535239 1 3
Y -16.81454554 -1.043217087 -2.422148459 1 4
Y -16.81454554 -1.043217087 0.926954354 1 5
Y -16.81454554 -1.043217087 4.055700982 1 6
Y -16.81454554 1.043217086 -2.920546495 1 7
Y -16.81454554 1.043217086 0.428556319 1 8
Y -16.81454554 1.043217086 3.557302949 1 9
Y -16.81454554 3.129651264 -3.418944542 1 10
Y -16.81454554 3.129651264 -0.069841724 1 11
Y -16.81454554 3.129651264 3.058904903 1 12
Y -15.00764053 -2.086434175 -2.172949441 1 13
Y -15.00764053 -2.086434175 1.176153372 1 14
Y -15.00764053 -2.086434175 4.3049 1 15
Y -15.00764053 2.000000165e-09 -2.671347477 1 16
Y -15.00764053 2.000000165e-09 0.677755337 1 17
Y -15.00764053 2.000000165e-09 3.806501964 1 18
Y -15.00764053 2.086434175 -3.169745513 1 19
Y -15.00764053 2.086434175 0.179357304 1 20
Y -15.00764053 2.086434175 3.308103931 1 21
Y -13.20073554 -1.043217087 -2.422148459 1 22
Y -13.20073554 -1.043217087 0.926954354 1 23
Y -13.20073554 -1.043217087 4.055700982 1 24
Y -13.20073553 1.043217086 -2.920546495 1 25
Y -13.20073553 1.043217086 0.428556319 1 26
Y -13.20073553 1.043217086 3.557302949 1 27
Y -11.39383054 2.000000165e-09 -2.671347477 1 28
Y -11.39383054 2.000000165e-09 0.677755337 1 29
Y -11.39383054 2.000000165e-09 3.806501964 1 30
Y 13.20073553 2.000000165e-09 -2.671347477 1 31
Y 13.20073553 2.000000165e-09 0.677755337 1 32
Y 13.20073553 2.000000165e-09 3.806501964 1 33
Y 15.00764054 -1.043217087 -2.422148459 1 34
Y 15.00764054 -1.043217087 0.926954354 1 35
Y 15.00764054 -1.043217087 4.055700982 1 36
Y 15.00764054 1.043217086 -2.920546495 1 37
Y 15.00764054 1.043217086 0.428556319 1 38
Y 15.00764054 1.043217086 3.557302949 1 39
Y 16.81454554 -2.086434175 -2.172949441 1 40
Y 16.81454554 -2.086434175 1.176153372 1 41
Y 16.81454554 -2.086434175 4.3049 1 42
Y 16.81454554 2.000000165e-09 -2.671347477 1 43
Y 16.81454554 2.000000165e-09 0.677755337 1 44
Y 16.81454554 2.000000165e-09 3.806501964 1 45
Y 16.81454554 2.086434175 -3.169745513 1 46
Y 16.81454554 2.086434175 0.179357304 1 47
Y 16.81454554 2.086434175 3.308103931 1 48
