0.01 1957268.99811 -216902518.796
0.02 881726.892801 -52952953.7674
0.03 533360.822357 -22795281.2426
0.04 365143.294415 -12361980.5468
0.05 267998.625894 -7608750.89172
0.06 205770.4004 -5075667.72526
0.07 163090.750576 -3580762.08388
0.08 132358.386978 -2632613.15815
0.09 109404.881516 -1997967.75866
0.1 91765.7370094 -1554979.63205
0.11 77897.532206 -1235195.90826
0.12 66788.5171245 -997892.646435
0.13 57750.2978086 -817691.279161
0.14 50299.7252713 -678155.565232
0.15 44088.6616051 -568288.650783
0.16 38860.5185327 -480524.54009
0.17 34422.4356185 -409529.717342
0.18 30626.9410032 -351463.296016
0.19 27359.5491601 -303506.475594
0.2 24530.1816323 -263555.349971
0.21 22067.111274 -230015.645594
0.22 19912.6094661 -201662.681922
0.23 18019.7656585 -177544.01586
0.24 16350.1286013 -156910.5931
0.25 14871.9330334 -139167.292437
0.26 13558.7498232 -123836.887194
0.27 12388.4466512 -110533.434257
0.28 11342.3793483 -98942.3828782
0.29 10404.7565926 -88805.5370874
0.3 9562.13632807 -79909.5672854
0.31 8803.02329562 -72077.1471655
0.32 8117.54491333 -65160.0535593
0.33 7497.18840571 -59033.7487606
0.34 6934.58620778 -53593.0930779
0.35 6423.3397102 -48748.9267101
0.36 5957.87367415 -44425.3258423
0.37 5533.31534394 -40557.3857407
0.38 5145.39357248 -37089.4188014
0.39 4790.35425869 -33973.4815909
0.4 4464.88915319 -31168.1644245
0.41 4166.07567622 -28637.5917328
0.42 3891.32585097 -26350.5926469
0.43 3638.34281632 -24280.0097868
0.44 3405.08366888 -22402.1208376
0.45 3189.7276118 -20696.1526142
0.46 2990.64856977 -19143.8713199
0.47 2806.39157637 -17729.2358432
0.48 2635.65235865 -16438.1034241
0.49 2477.25964014 -15257.9789946
0.5 2330.15976229 -14177.8010771
0.51 2193.40328896 -13187.758388
0.52 2066.13331188 -12279.1323211
0.53 1947.57521881 -11444.1613071
0.54 1837.02772286 -10675.9237243
0.55 1733.85498167 -9968.23658617
0.56 1637.47966073 -9315.5676791
0.57 1547.37681631 -8712.95920235
0.58 1463.06849144 -8155.96126444
0.59 1384.11893354 -7640.57384845
0.6 1310.13035502 -7163.19606969
0.61 1240.73916904 -6720.58172711
0.62 1175.61264198 -6309.80029761
0.63 1114.44591169 -5928.20264734
0.64 1056.9593278 -5573.39083896
0.65 1002.89607564 -5243.19150205
0.66 952.020050606 -4935.63230919
0.67 904.113953914 -4648.9211635
0.68 858.977584338 -4381.42775767
0.69 816.426303754 -4131.66721046
0.7 776.289657006 -3898.28552607
0.71 738.410128994 -3680.04665556
0.72 702.642023952 -3475.82096812
0.73 668.850453664 -3284.57496528
0.74 636.91042295 -3105.36209196
0.75 606.706002082 -2937.31451737
0.76 578.129577019 -2779.63577397
0.77 551.081169376 -2631.59415731
0.78 525.467818945 -2492.51680077
0.79 501.203022415 -2361.78435021
0.8 478.206222627 -2238.8261722
0.81 456.402343322 -2123.11603762
0.82 435.721364894 -2014.16822906
0.83 416.097937141 -1911.53402679
0.84 397.471025432 -1814.79853285
0.85 379.7835871 -1723.57779798
0.86 362.982275169 -1637.51621955
0.87 347.017166883 -1556.28418283
0.88 331.841514697 -1479.57592034
0.89 317.411517679 -1407.10756762
0.9 303.686111466 -1338.61539522
0.91 290.626775079 -1273.85419981
0.92 278.197353102 -1212.59583841
0.93 266.363891871 -1154.62789192
0.94 255.094488417 -1099.75244535
0.95 244.359151088 -1047.78497359
0.96 234.129670813 -998.553322651
0.97 224.379502124 -951.896777419
0.98 215.083653101 -907.665207758
0.99 206.218583486 -865.718285792
1 197.762110307 -825.924767774
1.01 189.693320382 -788.161834681
1.02 181.992489138 -752.314486237
1.03 174.641005254 -718.274983589
1.04 167.621300645 -685.942336315
1.05 160.916785373 -655.221829866
1.06 154.511787096 -626.02458994
1.07 148.391494702 -598.267180565
1.08 142.541905803 -571.87123304
1.09 136.949777805 -546.763103083
1.1 131.602582263 -522.873553838
1.11 126.488462295 -500.137462564
1.12 121.596192818 -478.493549061
1.13 116.915143392 -457.884124041
1.14 112.435243496 -438.254855825
1.15 108.146950048 -419.554553887
1.16 104.041217005 -401.734967905
1.17 100.109466912 -384.750601077
1.18 96.3435642438 -368.55853659
1.19 92.7357904186 -353.11827621
1.2 89.2788203752 -338.391590067
1.21 85.9657005963 -324.342376759
1.22 82.7898284832 -310.936533005
1.23 79.7449329892 -298.141832116
1.24 76.8250564269 -285.927810639
1.25 74.0245373716 -274.265662541
1.26 71.3379945857 -263.128140411
1.27 68.7603119004 -252.489463139
1.28 66.2866239881 -242.325229613
1.29 63.912302971 -232.612338013
1.3 61.6329458097 -223.328910275
1.31 59.4443624233 -214.454221389
1.32 57.3425644935 -205.968633169
1.33 55.3237549098 -197.853532193
1.34 53.3843178162 -190.091271626
1.35 51.5208092209 -182.665116648
1.36 49.7299481349 -175.559193258
1.37 48.0086082066 -168.75844021
1.38 46.3538098222 -162.248563876
1.39 44.7627126441 -156.015995845
1.4 43.2326085598 -150.047853067
1.41 41.7609150172 -144.331900386
1.42 40.3451687244 -138.856515298
1.43 38.9830196902 -133.610654786
1.44 37.6722255869 -128.583824107
1.45 36.410646416 -123.766047407
1.46 35.1962394593 -119.147840032
1.47 34.0270544983 -114.720182449
1.48 32.9012292874 -110.474495654
1.49 31.8169852654 -106.402617997
1.5 30.7726234925 -102.496783315
1.51 29.7665207997 -98.7496003052
1.52 28.797126138 -95.154033058
1.53 27.8629571178 -91.7033826801
1.54 26.9625967259 -88.3912699403
1.55 26.094690212 -85.2116188771
1.56 25.2579421337 -82.1586413113
1.57 24.451113553 -79.226822208
1.58 23.6730193745 -76.4109058389
1.59 22.9225258181 -73.7058826975
1.6 22.19854802 -71.1069771219
1.61 21.5000477524 -68.6096355859
1.62 20.8260312586 -66.2095156183
1.63 20.1755471956 -63.9024753136
1.64 19.5476846779 -61.6845634019
1.65 18.9415714189 -59.5520098447
1.66 18.3563719637 -57.5012169264
1.67 17.7912860083 -55.5287508152
1.68 17.245546801 -53.6313335648
1.69 16.718419622 -51.8058355332
1.7 16.2092003363 -50.0492681962
1.71 15.7172140173 -48.3587773315
1.72 15.2418136362 -46.731636555
1.73 14.7823788144 -45.1652411887
1.74 14.338314636 -43.6571024422
1.75 13.9090505166 -42.2048418907
1.76 13.4940391263 -40.8061862344
1.77 13.0927553633 -39.4589623215
1.78 12.7046953766 -38.1610924238
1.79 12.3293756338 -36.9105897485
1.8 11.9663320338 -35.7055541756
1.81 11.6151190603 -34.5441682078
1.82 11.275308975 -33.4246931213
1.83 10.9464910483 -32.3454653086
1.84 10.6282708254 -31.304892801
1.85 10.3202694273 -30.3014519626
1.86 10.0221228823 -29.3336843472
1.87 9.73348149031 -28.4001937082
1.88 9.45400921418 -27.4996431546
1.89 9.18338310041 -26.6307524461
1.9 8.92129272539 -25.7922954177
1.91 8.66743966706 -24.9830975305
1.92 8.42153700036 -24.2020335394
1.93 8.18330881552 -23.448025273
1.94 7.95248975796 -22.7200395202
1.95 7.72882458884 -22.0170860176
1.96 7.51206776524 -21.3382155319
1.97 7.30198303906 -20.682518035
1.98 7.09834307376 -20.0491209636
1.99 6.90092907803 -19.4371875621
2 6.70953045568 -18.8459153033
2.01 6.52394447098 -18.2745343829
2.02 6.34397592861 -17.7223062845
2.03 6.16943686771 -17.1885224117
2.04 6.00014626926 -16.672502784
2.05 5.83592977616 -16.1735947924
2.06 5.67661942549 -15.6911720137
2.07 5.5220533924 -15.2246330783
2.08 5.37207574498 -14.7734005914
2.09 5.22653620969 -14.3369201022
2.1 5.0852899469 -13.9146591218
2.11 4.94819733601 -13.5061061845
2.12 4.81512376967 -13.1107699528
2.13 4.68593945687 -12.7281783626
2.14 4.56051923427 -12.357877807
2.15 4.43874238559 -11.9994323574
2.16 4.32049246855 -11.6524230189
2.17 4.20565714914 -11.3164470199
2.18 4.09412804277 -10.9911171329
2.19 3.98580056213 -10.6760610262
2.2 3.88057377135 -10.3709206438
2.21 3.77835024621 -10.0753516134
2.22 3.67903594016 -9.78902268022
2.23 3.58254005588 -9.51161516634
2.24 3.48877492211 -9.24282245317
2.25 3.39765587556 -8.98234948719
2.26 3.3091011476 -8.72991230717
2.27 3.22303175566 -8.48523759205
2.28 3.139371399 -8.24806222852
2.29 3.05804635869 -8.01813289744
2.3 2.97898540168 -7.79520567815
2.31 2.90211968872 -7.57904566992
2.32 2.82738268598 -7.36942662971
2.33 2.75471008023 -7.16613062551
2.34 2.68403969738 -6.96894770458
2.35 2.61531142431 -6.77767557584
2.36 2.54846713379 -6.59211930583
2.37 2.48345061231 -6.41209102765
2.38 2.42020749091 -6.23740966219
2.39 2.35868517858 -6.06790065119
2.4 2.29883279835 -5.9033957016
2.41 2.2406011259 -5.74373254065
2.42 2.18394253049 -5.58875468123
2.43 2.12881091828 -5.4383111971
2.44 2.0751616778 -5.29225650751
2.45 2.02295162751 -5.15045017074
2.46 1.97213896541 -5.01275668628
2.47 1.92268322061 -4.87904530511
2.48 1.87454520671 -4.74918984798
2.49 1.82768697699 -4.62306853098
2.5 1.78207178126 -4.50056379848
2.51 1.73766402446 -4.38156216272
2.52 1.69442922668 -4.26595405013
2.53 1.65233398481 -4.15363365383
2.54 1.61134593555 -4.04449879209
2.55 1.57143371987 -3.93845077264
2.56 1.53256694876 -3.83539426233
2.57 1.49471617026 -3.73523716219
2.58 1.45785283776 -3.63789048739
2.59 1.42194927937 -3.54326825209
2.6 1.38697866855 -3.45128735884
2.61 1.35291499574 -3.36186749246
2.62 1.31973304102 -3.27493101805
2.63 1.28740834785 -3.19040288312
2.64 1.2559171977 -3.10821052359
2.65 1.22523658561 -3.02828377339
2.66 1.19534419664 -2.95055477779
2.67 1.1662183832 -2.87495790995
2.68 1.13783814317 -2.80142969087
2.69 1.1101830988 -2.72990871238
2.7 1.08323347637 -2.66033556316
2.71 1.0569700866 -2.59265275761
2.72 1.0313743057 -2.52680466748
2.73 1.00642805718 -2.46273745616
2.74 0.982113794195 -2.40039901543
2.75 0.958414482615 -2.33973890468
2.76 0.935313584612 -2.28070829248
2.77 0.912795042865 -2.2232599003
2.78 0.890843265299 -2.16734794845
2.79 0.86944311036 -2.11292810398
2.8 0.848579872799 -2.05995743066
2.81 0.828239269947 -2.00839434073
2.82 0.808407428465 -1.95819854854
2.83 0.789070871546 -1.90933102587
2.84 0.770216506558 -1.861753959
2.85 0.751831613108 -1.81543070728
2.86 0.733903831509 -1.77032576328
2.87 0.716421151642 -1.72640471447
2.88 0.699371902198 -1.6836342062
2.89 0.682744740267 -1.64198190615
2.9 0.666528641301 -1.60141647001
2.91 0.650712889388 -1.56190750845
2.92 0.63528706787 -1.5234255553
2.93 0.620241050262 -1.48594203686
2.94 0.605564991479 -1.44942924234
2.95 0.591249319346 -1.41386029536
2.96 0.577284726398 -1.37920912651
2.97 0.563662161936 -1.34545044681
2.98 0.550372824359 -1.31255972225
2.99 0.537408153732 -1.28051314909
3 0.524759824605 -1.2492876302
3.01 0.512419739065 -1.21886075207
3.02 0.500380020006 -1.18921076278
3.03 0.488633004621 -1.16031655067
3.04 0.477171238108 -1.13215762377
3.05 0.465987467567 -1.10471408997
3.06 0.455074636099 -1.07796663783
3.07 0.444425877096 -1.05189651819
3.08 0.434034508702 -1.02648552622
3.09 0.423894028461 -1.00171598428
3.1 0.413998108128 -0.97757072526
3.11 0.404340588641 -0.954033076541
3.12 0.39491547526 -0.931086844478
3.13 0.385716932845 -0.908716299436
3.14 0.376739281296 -0.886906161331
3.15 0.367976991124 -0.865641585657
3.16 0.359424679162 -0.844908149994
3.17 0.351077104413 -0.824691840968
3.18 0.34292916402 -0.804979041649
3.19 0.334975889364 -0.785756519383
3.2 0.327212442282 -0.767011414015
3.21 0.319634111397 -0.748731226522
3.22 0.31223630856 -0.730903808014
3.23 0.305014565408 -0.713517349103
3.24 0.297964530015 -0.696560369627
3.25 0.291081963654 -0.680021708708
3.26 0.28436273765 -0.663890515143
3.27 0.277802830329 -0.648156238104
3.28 0.271398324062 -0.632808618149
3.29 0.265145402395 -0.617837678521
3.3 0.259040347262 -0.603233716732
3.31 0.253079536284 -0.588987296419
3.32 0.24725944015 -0.575089239466
3.33 0.241576620069 -0.561530618375
3.34 0.236027725303 -0.548302748888
3.35 0.230609490772 -0.535397182841
3.36 0.225318734723 -0.522805701248
3.37 0.220152356478 -0.510520307606
3.38 0.215107334236 -0.498533221411
3.39 0.21018072295 -0.48683687188
3.4 0.205369652255 -0.475423891873
3.41 0.200671324467 -0.464287112003
3.42 0.196083012627 -0.453419554935
3.43 0.191602058615 -0.442814429858
3.44 0.187225871308 -0.432465127136
3.45 0.182951924795 -0.422365213124
3.46 0.178777756644 -0.412508425137
3.47 0.174700966213 -0.402888666586
3.48 0.170719213016 -0.39350000226
3.49 0.166830215132 -0.384336653748
3.5 0.163031747658 -0.375392995009
3.51 0.159321641208 -0.366663548076
3.52 0.155697780453 -0.358142978885
3.53 0.1521581027 -0.34982609324
3.54 0.148700596518 -0.341707832893
3.55 0.145323300393 -0.333783271749
3.56 0.142024301425 -0.326047612179
3.57 0.138801734066 -0.31849618145
3.58 0.135653778884 -0.311124428257
3.59 0.132578661366 -0.303927919364
3.6 0.129574650756 -0.296902336342
3.61 0.126640058921 -0.290043472403
3.62 0.123773239251 -0.283347229331
3.63 0.120972585585 -0.276809614506
3.64 0.118236531177 -0.270426738006
3.65 0.115563547675 -0.26419480981
3.66 0.11295214414 -0.258110137064
3.67 0.110400866087 -0.252169121448
3.68 0.107908294552 -0.246368256603
3.69 0.105473045185 -0.240704125642
3.7 0.103093767368 -0.235173398729
3.71 0.100769143356 -0.229772830735
3.72 0.0984978874415 -0.224499258951
3.73 0.0962787451402 -0.21934960088
3.74 0.0941104924015 -0.214320852079
3.75 0.0919919348375 -0.209410084077
3.76 0.0899219069737 -0.20461444234
3.77 0.0878992715195 -0.1999311443
3.78 0.085922918658 -0.195357477446
3.79 0.0839917653551 -0.190890797457
3.8 0.0821047546863 -0.186528526397
3.81 0.080260855182 -0.182268150957
3.82 0.0784590601898 -0.178107220752
3.83 0.0766983872533 -0.174043346657
3.84 0.0749778775077 -0.1700741992
3.85 0.0732965950914 -0.166197506992
3.86 0.0716536265726 -0.162411055203
3.87 0.070048080391 -0.158712684088
3.88 0.0684790863147 -0.155100287539
3.89 0.0669457949102 -0.151571811694
3.9 0.0654473770273 -0.148125253571
3.91 0.0639830232965 -0.144758659747
3.92 0.0625519436404 -0.141470125077
3.93 0.0611533667967 -0.138257791433
3.94 0.0597865398543 -0.135119846499
3.95 0.0584507278015 -0.13205452258
3.96 0.0571452130848 -0.129060095458
3.97 0.0558692951804 -0.126134883265
3.98 0.0546222901761 -0.123277245405
3.99 0.0534035303636 -0.120485581486
4 0.0522123638416 -0.117758330296
4.01 0.0510481541295 -0.115093968797
4.02 0.0499102797901 -0.112491011153
4.03 0.0487981340628 -0.10994800778
4.04 0.047711124505 -0.107463544424
4.05 0.046648672644 -0.105036241262
4.06 0.045610213637 -0.102664752025
4.07 0.0445951959392 -0.100347763155
4.08 0.0436030809817 -0.0980839929698
4.09 0.0426333428562 -0.0958721908599
4.1 0.0416854680086 -0.0937111365049
4.11 0.0407589549395 -0.0915996391092
4.12 0.039853313913 -0.0895365366588
4.13 0.0389680666727 -0.087520695198
4.14 0.0381027461641 -0.0855510081251
4.15 0.0372568962649 -0.0836263955065
4.16 0.0364300715217 -0.0817458034091
4.17 0.035621836893 -0.0799082032503
4.18 0.0348317674991 -0.0781125911648
4.19 0.034059448378 -0.0763579873884
4.2 0.0333044742471 -0.0746434356574
4.21 0.0325664492716 -0.0729680026243
4.22 0.031844986838 -0.0713307772883
4.23 0.0311397093333 -0.0697308704409
4.24 0.0304502479297 -0.0681674141255
4.25 0.0297762423753 -0.0666395611117
4.26 0.0291173407887 -0.0651464843828
4.27 0.0284731994599 -0.0636873766364
4.28 0.0278434826551 -0.0622614497981
4.29 0.0272278624273 -0.0608679345483
4.3 0.0266260184309 -0.0595060798598
4.31 0.0260376377408 -0.0581751525489
4.32 0.0254624146765 -0.056874436837
4.33 0.0249000506299 -0.0556032339236
4.34 0.0243502538979 -0.0543608615703
4.35 0.0238127395186 -0.0531466536958
4.36 0.0232872291119 -0.0519599599806
4.37 0.0227734507233 -0.0508001454825
4.38 0.0222711386729 -0.0496665902607
4.39 0.0217800334064 -0.0485586890112
4.4 0.0212998813511 -0.0474758507097
4.41 0.0208304347742 -0.0464174982647
4.42 0.0203714516461 -0.045383068179
4.43 0.019922695505 -0.0443720102196
4.44 0.0194839353269 -0.0433837870964
4.45 0.0190549453972 -0.0424178741484
4.46 0.0186355051859 -0.0414737590381
4.47 0.018225399226 -0.0405509414538
4.48 0.0178244169949 -0.0396489328192
4.49 0.0174323527981 -0.0387672560097
4.5 0.0170490056563 -0.0379054450769
4.51 0.016674179195 -0.0370630449794
4.52 0.0163076815364 -0.0362396113199
4.53 0.0159493251949 -0.0354347100898
4.54 0.0155989269739 -0.0346479174195
4.55 0.0152563078656 -0.0338788193348
4.56 0.014921292954 -0.0331270115203
4.57 0.0145937113183 -0.0323920990874
4.58 0.0142733959409 -0.0316736963489
4.59 0.0139601836157 -0.030971426599
4.6 0.0136539148597 -0.0302849218988
4.61 0.0133544338264 -0.0296138228666
4.62 0.0130615882212 -0.0289577784743
4.63 0.0127752292186 -0.0283164458479
4.64 0.0124952113822 -0.0276894900735
4.65 0.0122213925856 -0.0270765840077
4.66 0.0119536339357 -0.0264774080931
4.67 0.0116917996979 -0.0258916501779
4.68 0.0114357572227 -0.0253190053402
4.69 0.0111853768745 -0.0247591757161
4.7 0.0109405319616 -0.0242118703333
4.71 0.0107010986685 -0.0236768049467
4.72 0.010466955989 -0.0231537018803
4.73 0.0102379856614 -0.022642289871
4.74 0.0100140721054 -0.0221423039176
4.75 0.00979510235986 -0.0216534851325
4.76 0.00958096602258 -0.0211755805979
4.77 0.00937155519133 -0.0207083432246
4.78 0.00916676440616 -0.020251531615
4.79 0.00896649059322 -0.0198049099286
4.8 0.00877063300982 -0.0193682477518
4.81 0.00857909319078 -0.0189413199701
4.82 0.00839177489612 -0.0185239066434
4.83 0.0082085840599 -0.0181157928845
4.84 0.00802942874025 -0.0177167687409
4.85 0.00785421907067 -0.0173266290785
4.86 0.00768286721235 -0.0169451734693
4.87 0.00751528730771 -0.0165722060807
4.88 0.00735139543497 -0.0162075355682
4.89 0.00719110956377 -0.0158509749702
4.9 0.00703434951192 -0.0155023416059
4.91 0.006881036903 -0.0151614569749
4.92 0.00673109512514 -0.0148281466599
4.93 0.00658444929061 -0.0145022402313
4.94 0.00644102619643 -0.0141835711544
4.95 0.00630075428587 -0.0138719766981
4.96 0.00616356361085 -0.0135672978472
4.97 0.00602938579525 -0.0132693792152
4.98 0.00589815399901 -0.01297806896
4.99 0.00576980288311 -0.0126932187017
5 0.00564426857535 -0.0124146834423
5.01 0.00552148863694 -0.0121423214866
5.02 0.00540140202985 -0.0118759943662
5.03 0.0052839490849 -0.0116155667642
5.04 0.00516907147063 -0.0113609064423
5.05 0.00505671216288 -0.0111118841697
5.06 0.00494681541504 -0.010868373653
5.07 0.00483932672903 -0.0106302514685
5.08 0.00473419282693 -0.0103973969959
5.09 0.0046313616233 -0.0101696923534
5.1 0.00453078219808 -0.00994702233442
5.11 0.00443240477013 -0.00972927434564
5.12 0.00433618067147 -0.00951633834706
5.13 0.00424206232198 -0.00930810679282
5.14 0.00415000320476 -0.00910447457382
5.15 0.00405995784207 -0.00890533896149
5.16 0.00397188177177 -0.00871059955302
5.17 0.00388573152435 -0.00852015821778
5.18 0.00380146460045 -0.00833391904507
5.19 0.00371903944895 -0.00815178829303
5.2 0.00363841544549 -0.0079736743388
5.21 0.00355955287158 -0.00779948762987
5.22 0.00348241289406 -0.00762914063648
5.23 0.00340695754519 -0.00746254780521
5.24 0.00333314970304 -0.00729962551366
5.25 0.00326095307244 -0.00714029202616
5.26 0.00319033216634 -0.0069844674505
5.27 0.00312125228756 -0.00683207369572
5.28 0.00305367951098 -0.00668303443086
5.29 0.0029875806662 -0.00653727504467
5.3 0.00292292332045 -0.00639472260628
5.31 0.00285967576205 -0.00625530582675
5.32 0.00279780698417 -0.00611895502156
5.33 0.00273728666893 -0.00598560207393
5.34 0.00267808517195 -0.00585518039904
5.35 0.00262017350717 -0.00572762490906
5.36 0.00256352333206 -0.00560287197897
5.37 0.00250810693319 -0.00548085941322
5.38 0.00245389721206 -0.00536152641312
5.39 0.00240086767131 -0.00524481354503
5.4 0.0023489924012 -0.00513066270924
5.41 0.00229824606648 -0.00501901710965
5.42 0.00224860389343 -0.00490982122402
5.43 0.00220004165734 -0.00480302077506
5.44 0.00215253567014 -0.00469856270209
5.45 0.00210606276842 -0.00459639513339
5.46 0.00206060030162 -0.00449646735918
5.47 0.00201612612062 -0.00439872980524
5.48 0.00197261856645 -0.0043031340071
5.49 0.00193005645934 -0.00420963258491
5.5 0.00188841908801 -0.00411817921876
5.51 0.00184768619917 -0.0040287286247
5.52 0.00180783798729 -0.00394123653126
5.53 0.00176885508459 -0.00385565965647
5.54 0.00173071855126 -0.00377195568545
5.55 0.00169340986587 -0.00369008324856
5.56 0.00165691091609 -0.00361000189994
5.57 0.00162120398949 -0.00353167209668
5.58 0.00158627176464 -0.00345505517834
5.59 0.00155209730239 -0.00338011334701
5.6 0.00151866403735 -0.00330680964787
5.61 0.00148595576952 -0.00323510795005
5.62 0.00145395665618 -0.0031649729281
5.63 0.00142265120392 -0.00309637004379
5.64 0.00139202426083 -0.00302926552833
5.65 0.00136206100893 -0.00296362636499
5.66 0.00133274695671 -0.00289942027221
5.67 0.00130406793187 -0.00283661568695
5.68 0.00127601007422 -0.00277518174857
5.69 0.00124855982873 -0.00271508828293
5.7 0.00122170393874 -0.002656305787
5.71 0.00119542943932 -0.0025988054137
5.72 0.00116972365081 -0.00254255895719
5.73 0.00114457417245 -0.00248753883838
5.74 0.0011199688762 -0.00243371809089
5.75 0.00109589590068 -0.00238107034726
5.76 0.00107234364525 -0.00232956982546
5.77 0.0010493007642 -0.0022791913158
5.78 0.00102675616112 -0.002229910168
5.79 0.00100469898337 -0.00218170227868
5.8 0.000983118616639 -0.00213454407909
5.81 0.000962004679698 -0.00208841252308
5.82 0.000941347019205 -0.0020432850754
5.83 0.000921135704669 -0.00199913970024
5.84 0.000901361023504 -0.00195595485003
5.85 0.000882013476204 -0.00191370945451
5.86 0.000863083771627 -0.00187238291002
5.87 0.000844562822375 -0.00183195506908
5.88 0.000826441740288 -0.00179240623013
5.89 0.000808711832032 -0.0017537171276
5.9 0.000791364594792 -0.00171586892212
5.91 0.000774391712053 -0.00167884319102
5.92 0.000757785049485 -0.00164262191896
5.93 0.000741536650911 -0.00160718748888
5.94 0.000725638734369 -0.00157252267307
5.95 0.000710083688267 -0.00153861062448
5.96 0.000694864067612 -0.00150543486822
5.97 0.000679972590338 -0.00147297929323
5.98 0.0006654021337 -0.00144122814418
5.99 0.000651145730764 -0.00141016601355
6 0.000637196566963 -0.00137977783382
6.01 0.000623547976737 -0.00135004886994
6.02 0.000610193440247 -0.00132096471188
6.03 0.000597126580156 -0.00129251126739
6.04 0.000584341158492 -0.00126467475495
6.05 0.000571831073575 -0.00123744169681
6.06 0.00055959035701 -0.00121079891226
6.07 0.000547613170751 -0.00118473351097
6.08 0.000535893804231 -0.00115923288659
6.09 0.000524426671555 -0.00113428471036
6.1 0.000513206308751 -0.001109876925
6.11 0.000502227371088 -0.00108599773862
6.12 0.000491484630451 -0.00106263561886
6.13 0.000480972972778 -0.00103977928711
6.14 0.000470687395544 -0.00101741771283
6.15 0.000460623005316 -0.00099554010811
6.16 0.000450775015345 -0.000974135922234
6.17 0.000441138743229 -0.000953194836421
6.18 0.000431709608614 -0.000932706758686
6.19 0.000422483130954 -0.000912661818797
6.2 0.000413454927314 -0.000893050363363
6.21 0.000404620710232 -0.000873862951019
6.22 0.000395976285619 -0.000855090347725
6.23 0.000387517550707 -0.000836723522174
6.24 0.000379240492048 -0.000818753641293
6.25 0.000371141183551 -0.000801172065854
6.26 0.000363215784566 -0.00078397034618
6.27 0.00035546053801 -0.000767140217943
6.28 0.000347871768532 -0.000750673598068
6.29 0.000340445880726 -0.00073456258071
6.3 0.00033317935737 -0.000718799433344
6.31 0.000326068757721 -0.000703376592918
6.32 0.000319110715831 -0.000688286662116
6.33 0.000312301938915 -0.000673522405684
6.34 0.000305639205743 -0.00065907674685
6.35 0.000299119365075 -0.000644942763825
6.36 0.000292739334131 -0.00063111368637
6.37 0.000286496097086 -0.000617582892456
6.38 0.000280386703609 -0.000604343904985
6.39 0.000274408267431 -0.000591390388591
6.4 0.000268557964938 -0.000578716146513
6.41 0.000262833033805 -0.000566315117534
6.42 0.000257230771654 -0.000554181372988
6.43 0.000251748534742 -0.000542309113839
6.44 0.00024638373668 -0.000530692667823
6.45 0.000241133847182 -0.000519326486645
6.46 0.000235996390835 -0.000508205143256
6.47 0.000230968945899 -0.000497323329172
6.48 0.000226049143141 -0.000486675851867
6.49 0.000221234664682 -0.000476257632216
6.5 0.000216523242878 -0.000466063701997
6.51 0.000211912659222 -0.000456089201448
6.52 0.000207400743273 -0.000446329376882
6.53 0.000202985371608 -0.00043677957835
6.54 0.000198664466792 -0.000427435257357
6.55 0.000194435996378 -0.000418291964633
6.56 0.000190297971923 -0.000409345347947
6.57 0.000186248448034 -0.000400591149975
6.58 0.00018228552142 -0.000392025206213
6.59 0.000178407329984 -0.000383643442937
6.6 0.000174612051919 -0.000375441875205
6.61 0.000170897904831 -0.000367416604909
6.62 0.000167263144883 -0.000359563818867
6.63 0.000163706065949 -0.000351879786959
6.64 0.000160224998801 -0.000344360860297
6.65 0.000156818310299 -0.000337003469449
6.66 0.000153484402607 -0.000329804122693
6.67 0.000150221712426 -0.000322759404306
6.68 0.000147028710239 -0.000315865972906
6.69 0.000143903899581 -0.000309120559812
6.7 0.000140845816315 -0.000302519967457
6.71 0.000137853027931 -0.000296061067823
6.72 0.000134924132857 -0.000289740800919
6.73 0.000132057759788 -0.000283556173292
6.74 0.000129252567028 -0.000277504256564
6.75 0.000126507241844 -0.000271582186009
6.76 0.000123820499836 -0.000265787159159
6.77 0.000121191084327 -0.000260116434441
6.78 0.000118617765753 -0.000254567329841
6.79 0.000116099341082 -0.000249137221602
6.8 0.000113634633229 -0.00024382354295
6.81 0.0001112224905 -0.000238623782844
6.82 0.000108861786038 -0.000233535484759
6.83 0.000106551417281 -0.000228556245492
6.84 0.000104290305441 -0.000223683713998
6.85 0.000102077394981 -0.000218915590247
6.86 9.9911653116e-05 -0.000214249624111
6.87 9.77920693165e-05 -0.00020968361427
6.88 9.57176548268e-05 -0.000205215407149
6.89 9.36874421925e-05 -0.000200842895873
6.9 9.17004847988e-05 -0.000196564019246
6.91 8.97558564186e-05 -0.000192376760756
6.92 8.78526507707e-05 -0.000188279147596
6.93 8.59899810871e-05 -0.000184269249713
6.94 8.41669796908e-05 -0.000180345178872
6.95 8.23827975817e-05 -0.000176505087744
6.96 8.06366040323e-05 -0.000172747169015
6.97 7.89275861916e-05 -0.000169069654512
6.98 7.72549486984e-05 -0.000165470814347
6.99 7.56179133024e-05 -0.000161948956087
7 7.40157184936e-05 -0.000158502423932
7.01 7.24476191405e-05 -0.000155129597921
7.02 7.09128861349e-05 -0.000151828893146
7.03 6.94108060459e-05 -0.000148598758994
7.04 6.79406807802e-05 -0.000145437678394
7.05 6.65018272506e-05 -0.000142344167089
7.06 6.50935770514e-05 -0.000139316772922
7.07 6.37152761409e-05 -0.000136354075136
7.08 6.23662845309e-05 -0.00013345468369
7.09 6.10459759826e-05 -0.00013061723859
7.1 5.97537377098e-05 -0.000127840409236
7.11 5.8488970088e-05 -0.000125122893784
7.12 5.72510863699e-05 -0.000122463418515
7.13 5.60395124074e-05 -0.000119860737228
7.14 5.48536863793e-05 -0.000117313630642
7.15 5.36930585249e-05 -0.000114820905804
7.16 5.25570908841e-05 -0.000112381395526
7.17 5.14452570419e-05 -0.000109993957816
7.18 5.03570418797e-05 -0.000107657475338
7.19 4.92919413311e-05 -0.000105370854868
7.2 4.82494621436e-05 -0.000103133026779
7.21 4.72291216453e-05 -0.000100942944522
7.22 4.62304475161e-05 -9.8799584126e-05
7.23 4.52529775652e-05 -9.67019437095e-05
7.24 4.42962595119e-05 -9.46490429995e-05
7.25 4.33598507723e-05 -9.26399228625e-05
7.26 4.24433182498e-05 -9.06736448457e-05
7.27 4.15462381312e-05 -8.87492907282e-05
7.28 4.06681956859e-05 -8.68659620823e-05
7.29 3.98087850703e-05 -8.50227798434e-05
7.3 3.89676091368e-05 -8.32188838905e-05
7.31 3.81442792455e-05 -8.14534326354e-05
7.32 3.73384150819e-05 -7.97256026202e-05
7.33 3.65496444767e-05 -7.80345881249e-05
7.34 3.57776032308e-05 -7.63796007827e-05
7.35 3.50219349436e-05 -7.47598692034e-05
7.36 3.42822908452e-05 -7.31746386063e-05
7.37 3.35583296318e-05 -7.16231704595e-05
7.38 3.28497173051e-05 -7.01047421286e-05
7.39 3.21561270151e-05 -6.86186465319e-05
7.4 3.14772389065e-05 -6.71641918035e-05
7.41 3.08127399677e-05 -6.57407009643e-05
7.42 3.01623238839e-05 -6.43475115993e-05
7.43 2.95256908929e-05 -6.29839755425e-05
7.44 2.89025476443e-05 -6.16494585682e-05
7.45 2.82926070614e-05 -6.03433400898e-05
7.46 2.76955882064e-05 -5.90650128644e-05
7.47 2.71112161486e-05 -5.78138827042e-05
7.48 2.65392218349e-05 -5.65893681939e-05
7.49 2.59793419637e-05 -5.53909004149e-05
7.5 2.54313188611e-05 -5.42179226748e-05
7.51 2.48949003604e-05 -5.30698902429e-05
7.52 2.43698396833e-05 -5.19462700921e-05
7.53 2.38558953242e-05 -5.08465406454e-05
7.54 2.33528309372e-05 -4.9770191529e-05
7.55 2.2860415225e-05 -4.87167233296e-05
7.56 2.2378421831e-05 -4.76856473582e-05
7.57 2.19066292323e-05 -4.66764854182e-05
7.58 2.14448206367e-05 -4.56887695787e-05
7.59 2.09927838811e-05 -4.47220419527e-05
7.6 2.05503113315e-05 -4.37758544809e-05
7.61 2.01171997868e-05 -4.28497687187e-05
7.62 1.96932503826e-05 -4.19433556292e-05
7.63 1.92782684991e-05 -4.10561953799e-05
7.64 1.88720636693e-05 -4.01878771443e-05
7.65 1.84744494905e-05 -3.93379989073e-05
7.66 1.80852435367e-05 -3.85061672756e-05
7.67 1.77042672737e-05 -3.76919972911e-05
7.68 1.73313459753e-05 -3.68951122495e-05
7.69 1.69663086419e-05 -3.6115143522e-05
7.7 1.66089879205e-05 -3.53517303814e-05
7.71 1.62592200265e-05 -3.46045198317e-05
7.72 1.59168446674e-05 -3.38731664414e-05
7.73 1.5581704968e-05 -3.31573321805e-05
7.74 1.52536473968e-05 -3.24566862611e-05
7.75 1.49325216948e-05 -3.17709049812e-05
7.76 1.4618180805e-05 -3.10996715723e-05
7.77 1.43104808044e-05 -3.04426760497e-05
7.78 1.40092808363e-05 -2.9799615067e-05
7.79 1.37144430449e-05 -2.91701917723e-05
7.8 1.34258325109e-05 -2.85541156693e-05
7.81 1.31433171891e-05 -2.79511024797e-05
7.82 1.28667678462e-05 -2.73608740099e-05
7.83 1.25960580013e-05 -2.67831580198e-05
7.84 1.23310638663e-05 -2.62176880947e-05
7.85 1.20716642888e-05 -2.56642035201e-05
7.86 1.18177406958e-05 -2.51224491588e-05
7.87 1.15691770378e-05 -2.45921753313e-05
7.88 1.13258597357e-05 -2.40731376983e-05
7.89 1.10876776275e-05 -2.35650971455e-05
7.9 1.08545219164e-05 -2.30678196718e-05
7.91 1.0626286121e-05 -2.25810762792e-05
7.92 1.04028660248e-05 -2.2104642865e-05
7.93 1.01841596286e-05 -2.16383001168e-05
7.94 9.97006710284e-06 -2.11818334099e-05
7.95 9.76049074094e-06 -2.07350327057e-05
7.96 9.55533491437e-06 -2.02976924541e-05
7.97 9.35450602802e-06 -1.98696114964e-05
7.98 9.1579124768e-06 -1.94505929716e-05
7.99 8.96546460313e-06 -1.90404442235e-05
8 8.77707465533e-06 -1.86389767106e-05
8.01 8.59265674695e-06 -1.82460059182e-05
8.02 8.41212681691e-06 -1.78613512713e-05
8.03 8.23540259052e-06 -1.74848360504e-05
8.04 8.06240354138e-06 -1.71162873088e-05
8.05 7.893050854e-06 -1.67555357913e-05
8.06 7.72726738734e-06 -1.64024158555e-05
8.07 7.56497763903e-06 -1.60567653937e-05
8.08 7.40610771042e-06 -1.57184257577e-05
8.09 7.25058527237e-06 -1.53872416841e-05
8.1 7.09833953173e-06 -1.50630612221e-05
8.11 6.94930119861e-06 -1.47457356619e-05
8.12 6.80340245429e-06 -1.44351194661e-05
8.13 6.66057691985e-06 -1.41310702008e-05
8.14 6.52075962549e-06 -1.38334484695e-05
8.15 6.38388698042e-06 -1.35421178482e-05
8.16 6.24989674352e-06 -1.32569448213e-05
8.17 6.11872799455e-06 -1.29777987194e-05
8.18 5.99032110597e-06 -1.27045516584e-05
8.19 5.86461771541e-06 -1.24370784798e-05
8.2 5.74156069869e-06 -1.21752566925e-05
8.21 5.62109414347e-06 -1.19189664154e-05
8.22 5.50316332339e-06 -1.16680903214e-05
8.23 5.3877146728e-06 -1.14225135832e-05
8.24 5.27469576207e-06 -1.11821238194e-05
8.25 5.16405527338e-06 -1.09468110422e-05
8.26 5.05574297701e-06 -1.07164676065e-05
8.27 4.94970970821e-06 -1.04909881592e-05
8.28 4.84590734448e-06 -1.02702695904e-05
8.29 4.74428878342e-06 -1.00542109858e-05
8.3 4.644807921e-06 -9.84271357897e-06
8.31 4.54741963029e-06 -9.63568070612e-06
8.32 4.45207974068e-06 -9.43301776068e-06
8.33 4.35874501752e-06 -9.23463214949e-06
8.34 4.2673731422e-06 -9.04043324969e-06
8.35 4.17792269268e-06 -8.85033236661e-06
8.36 4.09035312438e-06 -8.66424269257e-06
8.37 4.00462475153e-06 -8.48207926651e-06
8.38 3.92069872893e-06 -8.30375893452e-06
8.39 3.83853703401e-06 -8.12920031127e-06
8.4 3.75810244938e-06 -7.95832374215e-06
8.41 3.6793585457e-06 -7.79105126635e-06
8.42 3.60226966493e-06 -7.62730658063e-06
8.43 3.5268009039e-06 -7.46701500396e-06
8.44 3.45291809831e-06 -7.31010344282e-06
8.45 3.38058780696e-06 -7.15650035734e-06
8.46 3.30977729647e-06 -7.0061357281e-06
8.47 3.24045452615e-06 -6.85894102367e-06
8.48 3.17258813332e-06 -6.71484916885e-06
8.49 3.10614741893e-06 -6.57379451358e-06
8.5 3.04110233339e-06 -6.43571280253e-06
8.51 2.97742346285e-06 -6.30054114532e-06
8.52 2.91508201563e-06 -6.1682179874e-06
8.53 2.85404980907e-06 -6.03868308154e-06
8.54 2.79429925653e-06 -5.91187745995e-06
8.55 2.73580335477e-06 -5.78774340701e-06
8.56 2.67853567159e-06 -5.66622443248e-06
8.57 2.62247033363e-06 -5.54726524547e-06
8.58 2.56758201457e-06 -5.43081172879e-06
8.59 2.51384592351e-06 -5.31681091394e-06
8.6 2.46123779356e-06 -5.20521095663e-06
8.61 2.40973387078e-06 -5.09596111284e-06
8.62 2.35931090327e-06 -4.98901171528e-06
8.63 2.30994613048e-06 -4.88431415054e-06
8.64 2.26161727286e-06 -4.78182083657e-06
8.65 2.2143025216e-06 -4.68148520073e-06
8.66 2.16798052865e-06 -4.58326165826e-06
8.67 2.12263039695e-06 -4.48710559124e-06
8.68 2.07823167091e-06 -4.39297332803e-06
8.69 2.03476432697e-06 -4.30082212305e-06
8.7 1.99220876449e-06 -4.2106101371e-06
8.71 1.95054579677e-06 -4.12229641807e-06
8.72 1.90975664227e-06 -4.03584088201e-06
8.73 1.86982291606e-06 -3.95120429466e-06
8.74 1.83072662132e-06 -3.86834825338e-06
8.75 1.79245014122e-06 -3.78723516942e-06
8.76 1.7549762308e-06 -3.70782825064e-06
8.77 1.71828800912e-06 -3.63009148449e-06
8.78 1.68236895152e-06 -3.55398962148e-06
8.79 1.6472028821e-06 -3.47948815891e-06
8.8 1.61277396632e-06 -3.406553325e-06
8.81 1.57906670377e-06 -3.33515206333e-06
8.82 1.54606592108e-06 -3.26525201762e-06
8.83 1.51375676501e-06 -3.19682151686e-06
8.84 1.48212469566e-06 -3.12982956071e-06
8.85 1.45115547986e-06 -3.06424580524e-06
8.86 1.42083518463e-06 -3.00004054901e-06
8.87 1.39115017086e-06 -2.93718471935e-06
8.88 1.36208708708e-06 -2.87564985905e-06
8.89 1.33363286337e-06 -2.81540811324e-06
8.9 1.30577470538e-06 -2.7564322166e-06
8.91 1.27850008856e-06 -2.69869548085e-06
8.92 1.25179675237e-06 -2.64217178244e-06
8.93 1.22565269475e-06 -2.5868355506e-06
8.94 1.20005616663e-06 -2.53266175558e-06
8.95 1.17499566657e-06 -2.47962589714e-06
8.96 1.15045993556e-06 -2.42770399331e-06
8.97 1.12643795183e-06 -2.3768725694e-06
8.98 1.10291892589e-06 -2.32710864722e-06
8.99 1.07989229557e-06 -2.2783897345e-06
9 1.05734772127e-06 -2.23069381464e-06
9.01 1.03527508119e-06 -2.18399933654e-06
9.02 1.01366446677e-06 -2.13828520477e-06
9.03 9.92506178155e-07 -2.09353076988e-06
9.04 9.71790719806e-07 -2.04971581892e-06
9.05 9.51508796162e-07 -2.00682056619e-06
9.06 9.31651307425e-07 -1.96482564419e-06
9.07 9.12209345415e-07 -1.9237120947e-06
9.08 8.93174189525e-07 -1.88346136014e-06
9.09 8.74537302756e-07 -1.84405527506e-06
9.1 8.56290327839e-07 -1.80547605781e-06
9.11 8.38425083435e-07 -1.7677063024e-06
9.12 8.20933560419e-07 -1.73072897053e-06
9.13 8.03807918246e-07 -1.69452738383e-06
9.14 7.87040481384e-07 -1.65908521618e-06
9.15 7.70623735834e-07 -1.62438648624e-06
9.16 7.54550325716e-07 -1.5904155502e-06
9.17 7.38813049932e-07 -1.55715709454e-06
9.18 7.23404858893e-07 -1.52459612912e-06
9.19 7.08318851329e-07 -1.49271798023e-06
9.2 6.93548271147e-07 -1.46150828398e-06
9.21 6.79086504376e-07 -1.43095297964e-06
9.22 6.6492707616e-07 -1.4010383033e-06
9.23 6.51063647826e-07 -1.37175078152e-06
9.24 6.37490014009e-07 -1.34307722522e-06
9.25 6.24200099836e-07 -1.31500472362e-06
9.26 6.11187958178e-07 -1.28752063838e-06
9.27 5.98447766949e-07 -1.26061259779e-06
9.28 5.85973826471e-07 -1.23426849115e-06
9.29 5.73760556891e-07 -1.20847646325e-06
9.3 5.61802495654e-07 -1.18322490894e-06
9.31 5.50094295028e-07 -1.15850246785e-06
9.32 5.38630719682e-07 -1.13429801919e-06
9.33 5.27406644316e-07 -1.11060067669e-06
9.34 5.16417051341e-07 -1.08739978365e-06
9.35 5.05657028609e-07 -1.06468490805e-06
9.36 4.95121767186e-07 -1.04244583784e-06
9.37 4.84806559181e-07 -1.02067257621e-06
9.38 4.7470679561e-07 -9.99355337138e-07
9.39 4.64817964318e-07 -9.78484540836e-07
9.4 4.55135647932e-07 -9.58050809443e-07
9.41 4.45655521868e-07 -9.38044962734e-07
9.42 4.36373352372e-07 -9.18458013945e-07
9.43 4.27284994608e-07 -8.99281165675e-07
9.44 4.18386390784e-07 -8.80505805889e-07
9.45 4.09673568317e-07 -8.62123503994e-07
9.46 4.0114263804e-07 -8.44126007002e-07
9.47 3.92789792443e-07 -8.26505235776e-07
9.48 3.84611303954e-07 -8.09253281358e-07
9.49 3.76603523253e-07 -7.92362401364e-07
9.5 3.68762877627e-07 -7.75825016472e-07
9.51 3.61085869356e-07 -7.59633706967e-07
9.52 3.53569074132e-07 -7.43781209375e-07
9.53 3.46209139514e-07 -7.28260413158e-07
9.54 3.39002783417e-07 -7.13064357482e-07
9.55 3.31946792626e-07 -6.98186228055e-07
9.56 3.25038021353e-07 -6.83619354033e-07
9.57 3.18273389811e-07 -6.69357204985e-07
9.58 3.11649882828e-07 -6.55393387931e-07
9.59 3.05164548488e-07 -6.41721644439e-07
9.6 2.98814496798e-07 -6.2833584778e-07
9.61 2.92596898383e-07 -6.1523000015e-07
9.62 2.86508983217e-07 -6.02398229947e-07
9.63 2.80548039367e-07 -5.89834789104e-07
9.64 2.74711411774e-07 -5.77534050486e-07
9.65 2.68996501058e-07 -5.6549050533e-07
9.66 2.63400762345e-07 -5.53698760753e-07
9.67 2.57921704118e-07 -5.42153537301e-07
9.68 2.52556887102e-07 -5.3084966656e-07
9.69 2.47303923156e-07 -5.19782088807e-07
9.7 2.42160474205e-07 -5.08945850721e-07
9.71 2.37124251184e-07 -4.98336103135e-07
9.72 2.32193013009e-07 -4.8794809884e-07
9.73 2.27364565565e-07 -4.77777190436e-07
9.74 2.22636760724e-07 -4.67818828219e-07
9.75 2.18007495371e-07 -4.58068558131e-07
9.76 2.13474710466e-07 -4.48522019733e-07
9.77 2.0903639011e-07 -4.39174944235e-07
9.78 2.04690560645e-07 -4.30023152566e-07
9.79 2.0043528976e-07 -4.21062553476e-07
9.8 1.96268685627e-07 -4.12289141687e-07
9.81 1.92188896048e-07 -4.03698996083e-07
9.82 1.88194107623e-07 -3.9528827793e-07
9.83 1.84282544933e-07 -3.87053229147e-07
9.84 1.80452469747e-07 -3.78990170598e-07
9.85 1.76702180235e-07 -3.71095500433e-07
9.86 1.73030010206e-07 -3.63365692459e-07
9.87 1.69434328361e-07 -3.55797294543e-07
9.88 1.65913537555e-07 -3.48386927054e-07
9.89 1.62466074088e-07 -3.41131281333e-07
9.9 1.59090406994e-07 -3.340271182e-07
9.91 1.5578503736e-07 -3.2707126649e-07
9.92 1.52548497649e-07 -3.20260621619e-07
9.93 1.49379351043e-07 -3.13592144182e-07
9.94 1.46276190799e-07 -3.0706285858e-07
9.95 1.43237639616e-07 -3.00669851676e-07
9.96 1.40262349017e-07 -2.94410271483e-07
9.97 1.37348998744e-07 -2.88281325869e-07
9.98 1.34496296169e-07 -2.82280281305e-07
9.99 1.31702975708e-07 -2.76404461625e-07
10 1.2896779826e-07 -2.70651246822e-07
