0.1 93.4833217496 -1285.21504463
0.12 72.3990327137 -862.720610958
0.14 57.8495400952 -612.23141837
0.16 47.3122613462 -452.641946887
0.18 39.3988783981 -345.364530723
0.2 33.2855297545 -270.185504877
0.22 28.4543782739 -215.713829026
0.24 24.5647943277 -175.150878312
0.26 21.3842739383 -144.246194137
0.28 18.7491625398 -120.238481651
0.3 16.5412310907 -101.274962587
0.32 14.6731377312 -86.0776044758
0.34 13.0790937097 -73.7434379021
0.36 11.7086934876 -63.6209294791
0.38 10.5227315664 -55.2311326993
0.4 9.49030220307 -48.2160700066
0.42 8.58674822038 -42.3041528951
0.44 7.7921842564 -37.2865340762
0.46 7.09041634081 -33.0006332422
0.48 6.46813979912 -29.3184660746
0.5 5.91433578625 -26.1382486141
0.52 5.41981167117 -23.3782725338
0.54 4.97684701624 -20.9723790194
0.56 4.57891804017 -18.8665738449
0.58 4.22048109034 -17.0164677156
0.6 3.89680096055 -15.3853206161
0.62 3.60381363154 -13.942533196
0.64 3.3380156817 -12.6624724926
0.66 3.09637454221 -11.5235501641
0.68 2.87625517729 -10.507493197
0.7 2.67535980672 -9.59876260071
0.72 2.49167805942 -8.78408681829
0.74 2.32344552641 -8.05208475218
0.76 2.16910912035 -7.39295930621
0.78 2.02729798415 -6.79824680134
0.8 1.89679894919 -6.26061095224
0.82 1.77653574339 -5.77367260307
0.84 1.6655513058 -5.33186832822
0.86 1.56299268688 -4.93033246253
0.88 1.46809811054 -4.56479824998
0.9 1.38018585137 -4.23151467095
0.92 1.29864464192 -3.92717618854
0.94 1.22292537492 -3.6488631882
0.96 1.152533905 -3.39399130628
0.98 1.0870247875 -3.16026817789
1 1.02599581834 -2.94565640127
1.02 0.969083260813 -2.7483417304
1.04 0.915957663153 -2.56670567971
1.06 0.866320185672 -2.39930186505
1.08 0.819899368445 -2.24483551832
1.1 0.776448280958 -2.10214570637
1.12 0.735742003676 -1.97018986069
1.14 0.697575398696 -1.84803028732
1.16 0.661761132781 -1.73482237789
1.18 0.628127921145 -1.62980428624
1.2 0.596518964746 -1.53228787014
1.22 0.56679055754 -1.44165072821
1.24 0.538810843272 -1.35732918653
1.26 0.512458704082 -1.27881211094
1.28 0.487622765517 -1.20563543845
1.3 0.464200504494 -1.13737733624
1.32 0.44209744847 -1.07365390953
1.34 0.421226455551 -1.01411539018
1.36 0.401507066505 -0.958442747124
1.38 0.382864920795 -0.906344667776
1.4 0.365231229631 -0.85755486593
1.42 0.348542299944 -0.811829677657
1.44 0.332739103827 -0.76894591158
1.46 0.31776688869 -0.728698924159
1.48 0.303574823867 -0.690900894295
1.5 0.290115679931 -0.655379274759
1.52 0.277345537377 -0.621975400682
1.54 0.265223521716 -0.590543237761
1.56 0.253711562328 -0.560948254871
1.58 0.242774172741 -0.533066407632
1.6 0.232378250225 -0.506783221029
1.62 0.222492892832 -0.481992960557
1.64 0.213089232209 -0.458597882604
1.66 0.204140280674 -0.436507555799
1.68 0.195620791227 -0.415638246023
1.7 0.187507129268 -0.395912358557
1.72 0.179777154963 -0.377257931603
1.74 0.172410115251 -0.359608175998
1.76 0.165386544652 -0.342901056547
1.78 0.158688174057 -0.327078910859
1.8 0.152297846796 -0.312088102032
1.82 0.146199441344 -0.297878701896
1.84 0.140377800086 -0.284404201885
1.86 0.134818663602 -0.271621248913
1.88 0.129508610008 -0.25948940388
1.9 0.124434998921 -0.247970920701
1.92 0.119585919649 -0.237030543941
1.94 0.114950143263 -0.226635323355
1.96 0.110517078214 -0.216754443773
1.98 0.106276729221 -0.207359068961
2 0.102219659141 -0.198422198176
2.02 0.0983369535994 -0.189918534304
2.04 0.0946201881478 -0.18182436255
2.06 0.0910613977481 -0.174117438749
2.08 0.0876530484037 -0.166776886466
2.1 0.0843880107664 -0.159783102127
2.12 0.0812595355659 -0.153117667486
2.14 0.0782612307225 -0.146763268814
2.16 0.0753870400128 -0.140703622232
2.18 0.0726312231722 -0.134923404684
2.2 0.0699883373253 -0.129408190075
2.22 0.0674532196453 -0.124144390147
2.24 0.065020971152 -0.119119199717
2.26 0.0626869415647 -0.114320545902
2.28 0.0604467151321 -0.109737041037
2.3 0.0582960973713 -0.105357938965
2.32 0.0562311026482 -0.101173094446
2.34 0.0542479425407 -0.097172925441
2.36 0.05234301493 -0.0933483780335
2.38 0.0505128937682 -0.0896908938006
2.4 0.0487543194759 -0.0861923794313
2.42 0.0470641899263 -0.0828451784279
2.44 0.0454395519757 -0.0796420447313
2.46 0.0438775935037 -0.0765761181237
2.48 0.0423756359282 -0.0736409012784
2.5 0.0409311271647 -0.0708302383328
2.52 0.0395416349989 -0.0681382948734
2.54 0.0382048408476 -0.0655595392303
2.56 0.0369185338801 -0.0630887249841
2.58 0.0356806054788 -0.0607208746017
2.6 0.0344890440165 -0.0584512641162
2.62 0.03334192993 -0.0562754087801
2.64 0.0322374310715 -0.0541890496224
2.66 0.0311737983206 -0.0521881408454
2.68 0.0301493614404 -0.0502688380046
2.7 0.029162525162 -0.048427486917
2.72 0.0282117654853 -0.0466606132478
2.74 0.0272956261802 -0.0449649127304
2.76 0.0264127154782 -0.0433372419758
2.78 0.0255617029424 -0.0417746098334
2.8 0.0247413165047 -0.0402741692655
2.82 0.0239503396605 -0.038833209702
2.84 0.0231876088124 -0.037449149844
2.86 0.0224520107532 -0.0361195308873
2.88 0.02174248028 -0.0348420101377
2.9 0.0210579979335 -0.0336143549947
2.92 0.0203975878527 -0.0324344372785
2.94 0.0197603157411 -0.0313002278794
2.96 0.0191452869359 -0.0302097917093
2.98 0.0185516445756 -0.0291612829369
3 0.0179785678608 -0.0281529404874
3.02 0.0174252704014 -0.0271830837928
3.04 0.0168909986474 -0.0262501087755
3.06 0.0163750303971 -0.0253524840517
3.08 0.0158766733798 -0.0244887473424
3.1 0.0153952639077 -0.0236575020772
3.12 0.0149301655941 -0.0228574141818
3.14 0.0144807681346 -0.0220872090372
3.16 0.0140464861465 -0.0213456686001
3.18 0.0136267580652 -0.0206316286764
3.2 0.0132210450931 -0.0199439763372
3.22 0.0128288301989 -0.0192816474713
3.24 0.012449617165 -0.0186436244634
3.26 0.0120829296795 -0.0180289339942
3.28 0.0117283104714 -0.0174366449523
3.3 0.0113853204863 -0.0168658664546
3.32 0.0110535381012 -0.0163157459659
3.34 0.0107325583752 -0.0157854675156
3.36 0.0104219923351 -0.0152742500031
3.38 0.0101214662948 -0.014781345589
3.4 0.00983062120497 -0.0143060381666
3.42 0.00954911203342 -0.0138476419095
3.44 0.00927660717313 -0.0134054998907
3.46 0.00901278787765 -0.0129789827704
3.48 0.00875734772191 -0.0125674875481
3.5 0.00850999208741 -0.0121704363748
3.52 0.00827043767053 -0.0117872754245
3.54 0.008038412013 -0.0114174738187
3.56 0.00781365305316 -0.0110605226044
3.58 0.00759590869735 -0.0107159337794
3.6 0.00738493641016 -0.010383239366
3.62 0.00718050282294 -0.0100619905275
3.64 0.00698238335936 -0.00975175672696
3.66 0.00679036187758 -0.00945212492619
3.68 0.0066042303279 -0.0091626988217
3.7 0.00642378842545 -0.00888309811693
3.72 0.00624884333703 -0.00861295782826
3.74 0.00607920938154 -0.00835192762337
3.76 0.00591470774327 -0.0080996711902
3.78 0.0057551661976 -0.00785586563512
3.8 0.0056004188484 -0.00762020090868
3.82 0.0054503058767 -0.00739237925775
3.84 0.00530467329996 -0.00717211470264
3.86 0.00516337274172 -0.00695913253803
3.88 0.00502626121085 -0.00675316885651
3.9 0.0048932008902 -0.00655397009367
3.92 0.00476405893413 -0.00636129259364
3.94 0.00463870727447 -0.0061749021942
3.96 0.00451702243473 -0.00599457383034
3.98 0.00439888535186 -0.0058200911556
4 0.00428418120562 -0.00565124618019
4.02 0.00417279925489 -0.00548783892513
4.04 0.00406463268077 -0.00532967709167
4.06 0.00395957843621 -0.00517657574528
4.08 0.0038575371017 -0.0050283570135
4.1 0.00375841274701 -0.00488484979696
4.12 0.00366211279846 -0.00474588949311
4.14 0.00356854791166 -0.00461131773181
4.16 0.00347763184945 -0.00448098212255
4.18 0.00338928136466 -0.00435473601244
4.2 0.00330341608777 -0.00423243825477
4.22 0.00321995841899 -0.00411395298737
4.24 0.00313883342469 -0.00399914942062
4.26 0.003059968738 -0.00388790163439
4.28 0.00298329446341 -0.00378008838367
4.3 0.00290874308508 -0.00367559291254
4.32 0.00283624937893 -0.00357430277586
4.34 0.00276575032807 -0.00347610966864
4.36 0.00269718504169 -0.00338090926253
4.38 0.0026304946771 -0.00328860104918
4.4 0.00256562236481 -0.00319908819019
4.42 0.00250251313663 -0.00311227737332
4.44 0.00244111385648 -0.00302807867466
4.46 0.002381373154 -0.00294640542663
4.48 0.00232324136067 -0.00286717409129
4.5 0.00226667044844 -0.00279030413909
4.52 0.00221161397075 -0.00271571793241
4.54 0.00215802700581 -0.0026433406141
4.56 0.00210586610206 -0.0025731000004
4.58 0.00205508922573 -0.00250492647841
4.6 0.00200565571044 -0.00243875290762
4.62 0.00195752620868 -0.00237451452552
4.64 0.00191066264515 -0.00231214885706
4.66 0.00186502817194 -0.00225159562768
4.68 0.00182058712529 -0.00219279668
4.7 0.0017773049841 -0.00213569589371
4.72 0.00173514832995 -0.00208023910884
4.74 0.00169408480863 -0.002026374052
4.76 0.00165408309312 -0.00197405026561
4.78 0.00161511284797 -0.00192321903996
4.8 0.00157714469499 -0.00187383334796
4.82 0.00154015018022 -0.00182584778252
4.84 0.00150410174216 -0.00177921849637
4.86 0.00146897268113 -0.00173390314425
4.88 0.0014347371298 -0.00168986082749
4.9 0.0014013700248 -0.00164705204061
4.92 0.00136884707935 -0.00160543862015
4.94 0.00133714475696 -0.00156498369543
4.96 0.001306240246 -0.00152565164126
4.98 0.00127611143527 -0.00148740803251
5 0.00124673689044 -0.00145021960043
