0.1 296564.694496 -5257931.95813
0.12 212556.566865 -3335531.78858
0.14 157742.14456 -2240305.83906
0.16 120164.685204 -1568489.3778
0.18 93443.0978467 -1133387.89886
0.2 73895.2998544 -839699.712523
0.22 59266.8973276 -634930.793957
0.24 48112.4723265 -488379.057262
0.26 39470.6877587 -381203.192732
0.28 32682.8772199 -301379.746258
0.3 27286.5257542 -240985.097107
0.32 22950.0648378 -194655.37677
0.34 19431.5448094 -158676.148171
0.36 16551.6619421 -130424.634564
0.38 14175.7097643 -108017.29601
0.4 12201.2403856 -90081.1874401
0.42 10549.4709608 -75602.1864313
0.44 9159.20001808 -63822.2134226
0.46 7982.43782418 -54168.3952794
0.48 6981.22692997 -46203.4775723
0.5 6125.30146936 -39590.6247054
0.52 5390.34544692 -34068.1177618
0.54 4756.68395077 -29430.9586401
0.56 4208.29070365 -25517.3553887
0.58 3732.02908883 -22198.6979113
0.6 3317.06709521 -19372.0562487
0.62 2954.42293577 -16954.5199397
0.64 2636.60963947 -14878.8933068
0.66 2357.3551752 -13090.3978035
0.68 2111.38063163 -11544.1282339
0.7 1894.2233238 -10203.0774962
0.72 1702.09489214 -9036.59307897
0.74 1531.76682503 -8019.16361958
0.76 1380.47760158 -7129.45938128
0.78 1245.8569767 -6349.56925444
0.8 1125.86393336 -5664.39074187
0.82 1018.73558912 -5061.13970095
0.84 922.94492834 -4528.95433721
0.86 837.165679957 -4058.57376333
0.88 760.24300886 -3642.07584767
0.9 691.168959038 -3272.66243751
0.92 629.061798147 -2944.48261722
0.94 573.14857927 -2652.48664463
0.96 522.75036678 -2392.30474359
0.98 477.269677192 -2160.1461239
1 436.179768823 -1952.71453216
1.02 399.015480352 -1767.13736859
1.04 365.365371699 -1600.90598141
1.06 334.864963666 -1451.82520696
1.08 307.190907657 -1317.97058643
1.1 282.055945172 -1197.65197964
1.12 259.204539942 -1089.38252858
1.14 238.40908461 -991.852109925
1.16 219.466599502 -903.904566697
1.18 202.195853943 -824.518131575
1.2 186.434851348 -752.788553696
1.22 172.038628179 -687.914522254
1.24 158.877324352 -629.185046751
1.26 146.834488885 -575.968508568
1.28 135.80558984 -527.703143784
1.3 125.696702013 -483.888754631
1.32 116.423349553 -444.079478106
1.34 107.90948388 -407.877466198
1.36 100.086579922 -374.927353912
1.38 92.8928360084 -344.911409418
1.4 86.2724647107 -317.545276007
1.42 80.1750635715 -292.574228397
1.44 74.5550561321 -269.769876861
1.46 69.3711948821 -248.92726192
1.48 64.5861188272 -229.86229016
1.5 60.1659592904 -212.409468493
1.52 56.0799883556 -196.419899859
1.54 52.3003050548 -181.759508287
1.56 48.8015549954 -168.30746544
1.58 45.5606796465 -155.954794356
1.6 42.5566919578 -144.603129244
1.62 39.7704753774 -134.163612859
1.64 37.1846036829 -124.555915291
1.66 34.7831793423 -115.707360047
1.68 32.5516883842 -107.552145014
1.7 30.4768699923 -100.030647432
1.72 28.546599241 -93.0888033138
1.74 26.749781569 -86.6775528865
1.76 25.0762577461 -80.7523446663
1.78 23.5167182283 -75.272691615
1.8 22.0626259159 -70.2017736211
1.82 20.7061464434 -65.5060812086
1.84 19.4400852199 -61.1550959682
1.86 18.2578305277 -57.121003725
1.88 17.1533020597 -53.3784369076
1.9 16.1209043441 -49.9042429893
1.92 15.1554845629 -46.6772762201
1.94 14.2522943235 -43.6782101808
1.96 13.4069549894 -40.8893689673
1.98 12.6154262182 -38.2945750511
2 11.8739773891 -35.8790120802
2.02 11.1791616385 -33.6291010733
2.04 10.5277922498 -31.5323886272
2.06 9.91692116902 -29.577445907
2.08 9.34381944147 -27.7537773218
2.1 8.80595938725 -26.0517379038
2.12 8.30099834897 -24.4624585145
2.14 7.82676386377 -22.977778094
2.16 7.38124012589 -21.5901822514
2.18 6.96255561929 -20.2927475681
2.2 6.56897181184 -19.0790910501
2.22 6.19887281318 -17.943324227
2.24 5.85075590796 -16.8800114407
2.26 5.52322288488 -15.8841319223
2.28 5.21497208932 -14.9510452879
2.3 4.92479113466 -14.0764601278
2.32 4.65155021337 -13.2564053929
2.34 4.39419595462 -12.4872043146
2.36 4.15174578015 -11.7654506167
2.38 3.92328271486 -11.0879868068
2.4 3.70795061233 -10.451884352
2.42 3.50494975947 -9.85442556419
2.44 3.31353282779 -9.2930870381
2.46 3.1330011414 -8.76552449848
2.48 2.96270123525 -8.26955892914
2.5 2.80202167881 -7.80316386707
2.52 2.65039014314 -7.36445375673
2.54 2.50727069112 -6.95167326975
2.56 2.37216127229 -6.56318750382
2.58 2.24459140557 -6.19747298318
2.6 2.12412003466 -5.85310939003
2.62 2.01033354186 -5.52877196302
2.64 1.90284390792 -5.22322450485
2.66 1.80128700593 -4.93531294622
2.68 1.7053210189 -4.66395941865
2.7 1.6146249711 -4.40815679238
2.72 1.52889736427 -4.16696364029
2.74 1.44785491074 -3.93949959161
2.76 1.37123135567 -3.72494104305
2.78 1.29877638191 -3.52251719746
2.8 1.23025459092 -3.33150640298
2.82 1.16544455419 -3.151232768
2.84 1.10413792972 -2.98106302949
2.86 1.04613863882 -2.82040365397
2.88 0.991262098738 -2.66869815266
2.9 0.939334506929 -2.52542459335
2.92 0.890192173294 -2.39009329363
2.94 0.843680896849 -2.26224468097
2.96 0.799655383636 -2.14144730667
2.98 0.757978702911 -2.02729600155
3 0.718521778902 -1.91941016257
3.02 0.681162915604 -1.81743216018
3.04 0.645787352299 -1.72102585726
3.06 0.612286847652 -1.629875231
3.08 0.580559290406 -1.5436830903
3.1 0.550508334833 -1.46216988107
3.12 0.522043059259 -1.38507257337
3.14 0.495077646069 -1.31214362387
3.16 0.469531081767 -1.24315000852
3.18 0.44532687572 -1.17787231995
3.2 0.42239279634 -1.11610392515
3.22 0.400660623556 -1.05765017898
3.24 0.380065916484 -1.00232768945
3.26 0.360547795307 -0.949963631278
3.28 0.34204873643 -0.900395104077
3.3 0.324514380054 -0.853468532222
3.32 0.307893349351 -0.809039103376
3.34 0.292137080516 -0.76697024304
3.36 0.277199662982 -0.727133122612
3.38 0.263037689157 -0.68940619869
3.4 0.249610113089 -0.653674781451
3.42 0.236878117475 -0.619830630164
3.44 0.224804988517 -0.587771573991
3.46 0.21335599812 -0.557401156395
3.48 0.202498292969 -0.528628301566
3.5 0.192200790086 -0.501367001421
3.52 0.182434078441 -0.475536021812
3.54 0.173170326259 -0.451058626693
3.56 0.164383193677 -0.427862319067
3.58 0.156047750425 -0.405878597625
3.6 0.148140398215 -0.385042728071
3.62 0.140638797582 -0.365293528193
3.64 0.133521798873 -0.346573165786
3.66 0.126769377177 -0.328826968632
3.68 0.120362570924 -0.312003245757
3.7 0.114283423961 -0.29605311927
3.72 0.108514930888 -0.28093036611
3.74 0.103040985468 -0.266591269092
3.76 0.0978463319231 -0.252994476664
3.78 0.0929165189588 -0.240100870856
3.8 0.0882378563457 -0.227873442899
3.82 0.0837973739202 -0.216277176045
3.84 0.0795827828589 -0.205278935173
3.86 0.0755824390968 -0.19484736273
3.88 0.0717853087664 -0.184952780663
3.9 0.0681809355411 -0.175567097955
3.92 0.0647594097752 -0.166663723433
3.94 0.0615113393371 -0.158217483551
3.96 0.0584278220402 -0.150204544824
3.98 0.0555004195798 -0.142602340659
4 0.0527211328933 -0.135389502314
4.02 0.0500823788601 -0.128545793741
4.04 0.0475769682692 -0.122052050092
4.06 0.0451980849812 -0.115890119661
4.08 0.0429392662185 -0.110042809082
4.1 0.0407943839213 -0.104493831567
4.12 0.0387576271095 -0.099227758032
4.14 0.0368234851944 -0.0942299709352
4.16 0.0349867321881 -0.0894866206636
4.18 0.033242411761 -0.0849845843344
4.2 0.0315858231002 -0.0807114268653
4.22 0.0300125075247 -0.0766553641868
4.24 0.0285182358159 -0.0728052284735
4.26 0.027098996225 -0.0691504352806
4.28 0.0257509831183 -0.0656809524768
4.3 0.0244705862279 -0.0623872708739
4.32 0.0232543804729 -0.0592603764551
4.34 0.0220991163211 -0.0562917241141
4.36 0.0210017106615 -0.0534732128197
4.38 0.0199592381595 -0.0507971621257
4.4 0.0189689230701 -0.048256289952
4.42 0.0180281314823 -0.0458436915652
4.44 0.0171343639727 -0.0435528196924
4.46 0.0162852486466 -0.0413774657062
4.48 0.0154785345446 -0.0393117418197
4.5 0.0147120853958 -0.0373500642385
4.52 0.0139838736987 -0.0354871372138
4.54 0.0132919751129 -0.0337179379503
4.56 0.0126345631442 -0.0320377023192
4.58 0.0120099041075 -0.0304419113343
4.6 0.0114163523531 -0.0289262783479
4.62 0.0108523457428 -0.0274867369289
4.64 0.0103164013607 -0.0261194293839
4.66 0.00980711144878 -0.0248206958882
4.68 0.00932313955272 -0.0235870641927
4.7 0.00886321686933 -0.0224152398755
4.72 0.00842613878287 -0.0213020971088
4.74 0.0080107615815 -0.0202446699137
4.76 0.00761599934387 -0.0192401438757
4.78 0.00724082098702 -0.0182858482973
4.8 0.00688424746707 -0.0173792487626
4.82 0.00654534912464 -0.0165179400937
4.84 0.00622324316746 -0.0156996396762
4.86 0.0059170912829 -0.0149221811351
4.88 0.00562609737364 -0.0141835083415
4.9 0.00534950541004 -0.013481669734
4.92 0.00508659739312 -0.0128148129358
4.94 0.00483669142233 -0.0121811796535
4.96 0.00459913986264 -0.0115791008423
4.98 0.00437332760586 -0.0110069921228
5 0.00415867042111 -0.0104633494363
