0.1 40319.1788364 -663234.432622
0.12 29630.7675523 -428645.214305
0.14 22524.5072496 -293375.063012
0.16 17558.9921989 -209385.931713
0.18 13958.7406355 -154279.923613
0.2 11272.9869526 -116555.342759
0.22 9223.62430037 -89849.0888572
0.24 7630.77856167 -70425.2340213
0.26 6373.59256564 -55981.2175655
0.28 5368.28727447 -45039.627077
0.3 4555.2617523 -36619.9775143
0.32 3891.18232428 -30052.7485677
0.34 3343.95425029 -24869.5195268
0.36 2889.42563047 -20735.6616284
0.38 2509.16853731 -17407.7739639
0.4 2188.95040631 -14706.0071857
0.42 1917.65951224 -12495.621303
0.44 1686.53616862 -10674.4278574
0.46 1488.61402172 -9164.07346158
0.48 1318.30837024 -7903.88568535
0.5 1171.10905152 -6846.46148497
0.52 1043.34878 -5954.46139982
0.54 932.026640588 -5198.25122122
0.56 834.672374281 -4554.14776011
0.58 749.241155061 -4003.10076202
0.6 674.031379327 -3529.69338372
0.62 607.61997749 -3121.37782028
0.64 548.811175985 -2767.88619922
0.66 496.595661826 -2460.77327483
0.68 450.117848608 -2193.05905128
0.7 408.649492877 -1958.94774757
0.72 371.568318556 -1753.60549703
0.74 338.340613408 -1572.9835331
0.76 308.506992804 -1413.67681849
0.78 281.670701987 -1272.81045236
0.8 257.487962717 -1147.94796636
0.82 235.659973971 -1037.01695787
0.84 215.926256785 -938.248522576
0.86 198.059096054 -850.127720996
0.88 181.858881156 -771.352907344
0.9 167.150186004 -700.80220633
0.92 153.778459648 -637.505778748
0.94 141.607222895 -580.622793404
0.96 130.515685805 -529.422239798
0.98 120.396716427 -483.26688657
1 111.155103681 -441.599825577
1.02 102.706067349 -403.933148499
1.04 94.9739763416 -369.838388083
1.06 87.8912430367 -338.938424394
1.08 81.3973669227 -310.900611099
1.1 75.4381052236 -285.430920961
1.12 69.9647518242 -262.268945298
1.14 64.9335088235 -241.183611093
1.16 60.3049375268 -221.969502923
1.18 56.0434777454 -204.443696049
1.2 52.1170259844 -188.443022719
1.22 48.4965645236 -173.821706596
1.24 45.155834591 -160.449310851
1.26 42.0710478241 -148.208954183
1.28 39.2206310592 -136.995756295
1.3 36.5850001899 -126.715480369
1.32 34.1463594401 -117.28334505
1.34 31.8885228984 -108.622982678
1.36 29.7967555935 -100.665523943
1.38 27.8576317552 -93.3487920973
1.4 26.0589082171 -86.6165923115
1.42 24.3894111854 -80.4180838248
1.44 22.8389348264 -74.7072242999
1.46 21.3981503218 -69.4422772702
1.48 20.0585242105 -64.5853748239
1.5 18.8122449818 -60.1021287398
1.52 17.6521570108 -55.9612842003
1.54 16.5717010372 -52.134410986
1.56 15.5648604826 -48.5956277212
1.58 14.6261129846 -45.3213553141
1.6 13.7503865993 -42.2900962237
1.62 12.9330201845 -39.4822366112
1.64 12.1697275328 -36.8798687989
1.66 11.4565648721 -34.4666317738
1.68 10.7899013913 -32.2275677506
1.7 10.1663924903 -30.1489930433
1.72 9.58295548083 -28.218381704
1.74 9.03674750009 -26.4242605652
1.76 8.52514541816 -24.756114484
1.78 8.04572754842 -23.204300718
1.8 7.59625698676 -21.7599714891
1.82 7.17466642479 -20.4150038936
1.84 6.77904429763 -19.1619364124
1.86 6.40762214126 -17.9939113542
1.88 6.05876304644 -16.9046226398
1.9 5.73095110822 -15.888268398
1.92 5.42278177925 -14.9395078986
1.94 5.1329530447 -14.0534224011
1.96 4.86025734422 -13.2254795385
1.98 4.60357417372 -12.4515008966
2 4.3618633062 -11.7276324852
2.02 4.13415857657 -11.0503178257
2.04 3.91956218052 -10.4162734091
2.06 3.71723944255 -9.82246630415
2.08 3.52641401187 -9.2660937147
2.1 3.34636344925 -8.74456430682
2.12 3.176415171 -8.25548114376
2.14 3.01594271935 -7.79662608194
2.16 2.86436233151 -7.36594549575
2.18 2.72112978181 -6.96153721156
2.2 2.58573747415 -6.58163854267
2.22 2.45771176339 -6.22461532711
2.24 2.33661048687 -5.88895187976
2.26 2.22202068828 -5.57324177794
2.28 2.1135565182 -5.27617940786
2.3 2.01085729659 -4.99655220526
2.32 1.9135857241 -4.73323353049
2.34 1.82142622988 -4.48517612287
2.36 1.73408344511 -4.25140608505
2.38 1.65128079172 -4.03101735182
2.4 1.57275917737 -3.82316660236
2.42 1.49827578806 -3.62706857834
2.44 1.4276029705 -3.44199177384
2.46 1.36052719737 -3.26725446583
2.48 1.2968481087 -3.1022210568
2.5 1.23637762353 -2.9462987038
2.52 1.17893911632 -2.79893421002
2.54 1.1243666531 -2.65961115745
2.56 1.07250428268 -2.52784726084
2.58 1.0232053788 -2.40319192492
2.6 0.976332029099 -2.28522398841
2.62 0.931754467653 -2.17354963965
2.64 0.889350547434 -2.06780049019
2.66 0.849005249911 -1.96763179353
2.68 0.810610228901 -1.87272079752
2.7 0.774063386121 -1.78276521979
2.72 0.739268476089 -1.69748183652
2.74 0.706134738185 -1.61660517556
2.76 0.674576553883 -1.53988630574
2.78 0.644513127289 -1.46709171491
2.8 0.615868187294 -1.39800226978
2.82 0.588569709767 -1.33241225121
2.84 0.562549658331 -1.27012845916
2.86 0.537743742393 -1.21096938199
2.88 0.514091191182 -1.15476442511
2.9 0.491534542664 -1.10135319457
2.92 0.470019446264 -1.05058483132
2.94 0.449494478434 -1.00231739242
2.96 0.429910970153 -0.956417275612
2.98 0.411222845531 -0.912758684034
3 0.393386470741 -0.871223128082
3.02 0.376360512568 -0.831698961684
3.04 0.360105805908 -0.794080950423
3.06 0.344585229602 -0.758269869196
3.08 0.329763590052 -0.724172127225
3.1 0.31560751206 -0.691699418447
3.12 0.302085336442 -0.660768395439
3.14 0.289167023928 -0.631300365176
3.16 0.276824064946 -0.603221005057
3.18 0.265029394897 -0.576460097757
3.2 0.253757314554 -0.550951283552
3.22 0.242983415249 -0.526631828892
3.24 0.232684508539 -0.503442410069
3.26 0.222838560052 -0.481326910922
3.28 0.213424627254 -0.460232233606
3.3 0.204422800867 -0.440108121504
3.32 0.195814149727 -0.420906993452
3.34 0.187580668836 -0.402583788495
3.36 0.179705230438 -0.385095820449
3.38 0.172171537892 -0.368402641612
3.4 0.164964082201 -0.35246591498
3.42 0.158068101003 -0.337249294422
3.44 0.151469539895 -0.32271831226
3.46 0.145155015927 -0.308840273759
3.48 0.139111783144 -0.295584158082
3.5 0.13332770005 -0.282920525262
3.52 0.127791198871 -0.270821428811
3.54 0.122491256519 -0.259260333588
3.56 0.11741736714 -0.248212038583
3.58 0.112559516169 -0.237652604304
3.6 0.107908155789 -0.227559284458
3.62 0.103454181714 -0.217910461667
3.64 0.0991889112264 -0.208685586942
3.66 0.0951040623796 -0.199865122695
3.68 0.0911917343161 -0.191430489046
3.7 0.0874443886231 -0.183364013235
3.72 0.0838548316709 -0.175648881933
3.74 0.0804161978796 -0.168269096276
3.76 0.077121933857 -0.161209429449
3.78 0.0739657833622 -0.154455386674
3.8 0.0709417730461 -0.147993167439
3.82 0.0680441989259 -0.14180962984
3.84 0.0652676135531 -0.135892256912
3.86 0.0626068138356 -0.130229124813
3.88 0.060056829479 -0.124808872771
3.9 0.0576129120113 -0.119620674672
3.92 0.0552705243618 -0.114654212193
3.94 0.0530253309608 -0.109899649403
3.96 0.050873188335 -0.105347608725
3.98 0.0488101361695 -0.100989148194
4 0.0468323888129 -0.0968157399317
4.02 0.0449363272015 -0.0928192497621
4.04 0.0431184911794 -0.0889919179124
4.06 0.0413755721958 -0.0853263407266
4.08 0.0397044063566 -0.0818154533406
4.1 0.0381019678149 -0.0784525132613
4.12 0.0365653624803 -0.0752310847999
4.14 0.0350918220316 -0.0721450243105
4.16 0.0336786982176 -0.0691884661896
4.18 0.0323234574298 -0.0663558095933
4.2 0.0310236755349 -0.0636417058333
4.22 0.0297770329517 -0.0610410464142
4.24 0.0285813099623 -0.0585489516758
4.26 0.0274343822437 -0.0561607600089
4.28 0.0263342166108 -0.0538720176124
4.3 0.0252788669575 -0.0516784687629
4.32 0.0242664703892 -0.0495760465685
4.34 0.0232952435342 -0.0475608641822
4.36 0.0223634790273 -0.0456292064491
4.38 0.021469542156 -0.0437775219645
4.4 0.0206118676615 -0.0420024155226
4.42 0.0197889566876 -0.0403006409329
4.44 0.0189993738687 -0.0386690941871
4.46 0.0182417445522 -0.0371048069574
4.48 0.0175147521467 -0.0356049404087
4.5 0.0168171355924 -0.0341667793088
4.52 0.0161476869446 -0.0327877264219
4.54 0.0155052490685 -0.0314652971694
4.56 0.0148887134365 -0.0301971145454
4.58 0.0142970180261 -0.0289809042746
4.6 0.0137291453117 -0.0278144901981
4.62 0.0131841203464 -0.026695789878
4.64 0.0126610089299 -0.0256228104087
4.66 0.0121589158583 -0.0245936444239
4.68 0.0116769832513 -0.0236064662916
4.7 0.0112143889544 -0.0226595284852
4.72 0.0107703450114 -0.0217511581241
4.74 0.0103440962051 -0.0208797536744
4.76 0.00993491866176 -0.0200437818019
4.78 0.00954211851731 -0.0192417743707
4.8 0.00916503064257 -0.0184723255788
4.82 0.0088030174239 -0.0177340892256
4.84 0.00845546759745 -0.0170257761046
4.86 0.00812179513442 -0.0163461515142
4.88 0.0078014381749 -0.0156940328822
4.9 0.00749385800808 -0.0150682874979
4.92 0.0071985380969 -0.0144678303467
4.94 0.00691498314493 -0.0138916220426
4.96 0.0066427182037 -0.0133386668541
4.98 0.00638128781863 -0.0128080108178
5 0.00613025521178 -0.0122987399374
